NUMBER_OF_SYNAPSES	APC_N	MAX_VOLTAGE	
45	0.0	-81.4889010911	
45	0.0	-81.231175479	
45	0.0	-81.389574767	
45	0.0	-80.4549559962	
45	0.0	-80.3216189057	
45	0.0	-81.1857666927	
45	0.0	-80.0998530855	
45	0.0	-80.9507137264	
45	0.0	-80.7234469907	
45	0.0	-80.7533976644	
45	0.0	-81.1498310652	
45	0.0	-81.4693830532	
45	0.0	-80.687721621	
45	0.0	-81.1054495649	
45	0.0	-80.5687513536	
45	0.0	-81.3044961319	
45	0.0	-80.5259582465	
45	0.0	-81.4967467491	
45	0.0	-81.3330374536	
45	0.0	-81.0347434343	
45	0.0	-81.357719244	
45	0.0	-81.5784622619	
45	0.0	-81.6808840248	
45	0.0	-80.2018379519	
45	0.0	-80.2243928687	
45	0.0	-80.1093679976	
45	0.0	-81.130333544	
45	0.0	-81.0409214225	
45	0.0	-80.6211246947	
45	0.0	-81.2971585423	
45	0.0	-81.4692848807	
45	0.0	-80.1313818142	
45	0.0	-81.0200140496	
45	0.0	-81.1261258147	
45	0.0	-81.8504793201	
45	0.0	-81.1122022136	
45	0.0	-80.6561954334	
45	0.0	-80.3970816424	
45	0.0	-80.924733672	
45	0.0	-80.3916934552	
45	0.0	-81.4538584965	
45	0.0	-81.576032992	
45	0.0	-81.5252129933	
45	0.0	-79.8438648276	
45	0.0	-81.2171767162	
45	0.0	-80.2756367218	
45	0.0	-80.4367106228	
45	0.0	-79.9374954195	
45	0.0	-81.4052140173	
45	0.0	-81.4800062351	
45	0.0	-81.3466206301	
45	0.0	-80.6557491952	
45	0.0	-81.4152196334	
45	0.0	-80.6762908845	
45	0.0	-80.9212867961	
45	0.0	-80.3627535209	
45	0.0	-81.2893628045	
45	0.0	-81.245747652	
45	0.0	-81.2374207227	
45	0.0	-80.540924474	
45	0.0	-80.6333769721	
45	0.0	-80.7802237431	
45	0.0	-81.2548343974	
45	0.0	-80.539021325	
45	0.0	-80.7113469416	
45	0.0	-81.0792262568	
45	0.0	-81.1531503457	
45	0.0	-80.4876905995	
45	0.0	-81.3045104661	
45	0.0	-81.5092929973	
45	0.0	-80.8026307423	
45	0.0	-80.8425620693	
45	0.0	-80.8381126093	
45	0.0	-80.5096836245	
45	0.0	-80.2012994061	
45	0.0	-81.4449928953	
45	0.0	-79.7594533232	
45	0.0	-80.9830565256	
45	0.0	-81.1759690831	
45	0.0	-81.3324816147	
45	0.0	-81.3784470979	
45	0.0	-81.4910957315	
45	0.0	-80.9298447814	
45	0.0	-80.9732011286	
45	0.0	-80.6438941247	
45	0.0	-80.9600695957	
45	0.0	-81.6284701261	
45	0.0	-81.3446290494	
45	0.0	-80.6043293549	
45	0.0	-81.202607719	
45	0.0	-80.6292192629	
45	0.0	-81.2106110324	
45	0.0	-81.2814989372	
45	0.0	-80.8958944414	
45	0.0	-80.6292779748	
45	0.0	-81.3106768842	
45	0.0	-81.1498682235	
45	0.0	-81.5501351145	
45	0.0	-80.4692495676	
45	0.0	-79.8346262668	
45	0.0	-80.9737075085	
45	0.0	-80.6738991268	
45	0.0	-80.4453436035	
45	0.0	-80.3598097081	
45	0.0	-80.4857937129	
45	0.0	-80.9772322963	
45	0.0	-81.706504298	
45	0.0	-80.7666958255	
45	0.0	-81.2639779129	
45	0.0	-80.8944811025	
45	0.0	-81.6059501169	
45	0.0	-80.850329874	
45	0.0	-80.9086620311	
45	0.0	-80.8966212204	
45	0.0	-81.0681850854	
45	0.0	-80.5895308446	
45	0.0	-81.5363962196	
45	0.0	-81.1131450614	
45	0.0	-81.6316081432	
45	0.0	-81.999989346	
45	0.0	-80.8383508427	
45	0.0	-81.0246915977	
45	0.0	-81.2803497656	
45	0.0	-82.2043212639	
45	0.0	-81.4188783214	
45	0.0	-81.4324824642	
45	0.0	-81.1418760505	
45	0.0	-81.5957524368	
45	0.0	-80.909839628	
45	0.0	-80.384699273	
45	0.0	-81.0472994503	
45	0.0	-81.3092916157	
45	0.0	-80.2888282271	
45	0.0	-81.0359480776	
45	0.0	-80.2530524378	
45	0.0	-81.5874335865	
45	0.0	-81.711182299	
45	0.0	-80.6463839523	
45	0.0	-82.0796499034	
45	0.0	-80.8964494324	
45	0.0	-81.05046305	
45	0.0	-80.2237458721	
45	0.0	-80.9916398828	
45	0.0	-81.4665151912	
45	0.0	-81.3438407033	
45	0.0	-80.4806173259	
45	0.0	-80.5344670798	
45	0.0	-81.0531809469	
45	0.0	-81.4050047902	
45	0.0	-80.9134014816	
45	0.0	-81.1104676685	
45	0.0	-80.6757517527	
45	0.0	-81.9041632914	
45	0.0	-80.2334960279	
45	0.0	-81.4548445108	
45	0.0	-80.6913324469	
45	0.0	-80.8383432856	
45	0.0	-80.5283206086	
45	0.0	-81.4787812846	
45	0.0	-79.8872444823	
45	0.0	-81.3260074202	
45	0.0	-80.3856001681	
45	0.0	-81.100459521	
45	0.0	-80.6951469842	
45	0.0	-80.1058605372	
45	0.0	-81.2728639027	
45	0.0	-81.67688211	
45	0.0	-80.429657966	
45	0.0	-80.2651314453	
45	0.0	-80.601681346	
45	0.0	-81.1065618148	
45	0.0	-81.5742939725	
45	0.0	-79.9139899394	
45	0.0	-80.7646691275	
45	0.0	-80.9629231087	
45	0.0	-81.2864891127	
45	0.0	-80.7892560931	
45	0.0	-81.050271903	
45	0.0	-81.003366191	
45	0.0	-81.2725423268	
45	0.0	-80.4786574655	
45	0.0	-80.5227596741	
45	0.0	-80.5316076234	
45	0.0	-81.0926311469	
45	0.0	-81.0256929542	
45	0.0	-80.8072945938	
45	0.0	-81.6587789991	
45	0.0	-80.7736583226	
45	0.0	-81.019237879	
45	0.0	-80.9597116869	
45	0.0	-80.9337402804	
45	0.0	-80.9272792924	
45	0.0	-81.2874118941	
45	0.0	-81.5622099984	
45	0.0	-81.0882020885	
45	0.0	-80.7547132157	
45	0.0	-80.2585488194	
45	0.0	-80.7085570486	
45	0.0	-80.9546116752	
45	0.0	-80.5035749734	
45	0.0	-81.0671581053	
45	0.0	-80.4929119942	
45	0.0	-81.680238149	
45	0.0	-81.3738557596	
45	0.0	-80.2891182425	
45	0.0	-81.4005084959	
45	0.0	-80.4333040158	
45	0.0	-80.9404966724	
45	0.0	-80.2409072102	
45	0.0	-80.1050596649	
45	0.0	-80.1775646986	
45	0.0	-80.5642878599	
45	0.0	-80.5897318403	
45	0.0	-81.1983222904	
45	0.0	-81.0410888904	
45	0.0	-80.1372982743	
45	0.0	-80.9913189275	
45	0.0	-80.8455348089	
45	0.0	-81.308595503	
45	0.0	-80.7915190907	
45	0.0	-81.1315336276	
45	0.0	-81.4300474259	
45	0.0	-81.8457241915	
45	0.0	-80.2321618012	
45	0.0	-80.5258153215	
45	0.0	-81.2688900429	
45	0.0	-80.9186208393	
45	0.0	-81.1621095043	
45	0.0	-80.6793308808	
45	0.0	-80.9218942358	
45	0.0	-80.4817663561	
45	0.0	-81.4150455732	
45	0.0	-81.4324252932	
45	0.0	-80.5220785029	
45	0.0	-80.7825447708	
45	0.0	-80.3601283863	
45	0.0	-81.300350924	
45	0.0	-80.6918100589	
45	0.0	-81.9481961599	
45	0.0	-80.8673212535	
45	0.0	-79.9867055474	
45	0.0	-80.8963327908	
45	0.0	-81.423652695	
45	0.0	-80.9012199605	
45	0.0	-81.6035678813	
45	0.0	-80.6695811165	
45	0.0	-81.0069101278	
45	0.0	-81.6687984435	
45	0.0	-81.3432164899	
45	0.0	-80.6503431133	
45	0.0	-81.592038632	
45	0.0	-80.5030111304	
45	0.0	-80.8105993417	
45	0.0	-80.5017496822	
45	0.0	-80.7857962644	
45	0.0	-80.7353185474	
45	0.0	-81.3348441379	
45	0.0	-80.6129944683	
45	0.0	-81.6951280256	
45	0.0	-80.6256121203	
45	0.0	-80.2125011924	
45	0.0	-80.9428421775	
45	0.0	-80.8321408693	
45	0.0	-80.9995280914	
45	0.0	-80.2610167999	
45	0.0	-80.6226306997	
45	0.0	-79.9883704488	
45	0.0	-80.5284608963	
45	0.0	-80.7003945498	
45	0.0	-80.0317612802	
45	0.0	-80.0041738726	
45	0.0	-80.2784346251	
45	0.0	-81.3332512879	
45	0.0	-80.0642670237	
45	0.0	-80.0215656758	
45	0.0	-80.1669708155	
45	0.0	-81.302427152	
45	0.0	-81.2046173966	
45	0.0	-81.1955907625	
45	0.0	-79.9180944626	
45	0.0	-80.793080344	
45	0.0	-80.5164090653	
45	0.0	-80.4244408587	
45	0.0	-81.1785221321	
45	0.0	-81.0677964775	
45	0.0	-80.8568567135	
45	0.0	-80.8615459428	
45	0.0	-80.8700722369	
45	0.0	-81.4394502268	
45	0.0	-81.5669968017	
45	0.0	-81.4250833783	
45	0.0	-80.6407733128	
45	0.0	-80.3649939304	
45	0.0	-81.2597754941	
45	0.0	-80.3811404583	
45	0.0	-81.0158921772	
45	0.0	-81.107278983	
45	0.0	-80.5264543584	
45	0.0	-80.9667318885	
45	0.0	-81.1574791751	
45	0.0	-80.5282875193	
45	0.0	-81.2517919215	
45	0.0	-81.9325571094	
45	0.0	-81.1788673036	
45	0.0	-80.8671905946	
45	0.0	-81.3441748607	
45	0.0	-80.292703536	
45	0.0	-80.4640423084	
45	0.0	-80.9082394115	
45	0.0	-80.7578260823	
45	0.0	-81.2468186531	
45	0.0	-81.3629223043	
45	0.0	-80.8446526049	
45	0.0	-81.1793142298	
45	0.0	-80.0645841794	
45	0.0	-81.4915468084	
45	0.0	-81.4475950514	
45	0.0	-80.8958292918	
45	0.0	-81.0018348388	
45	0.0	-80.6369974801	
45	0.0	-81.6834109699	
45	0.0	-81.6538064821	
45	0.0	-80.8224582957	
45	0.0	-81.4894062999	
45	0.0	-80.1458913443	
45	0.0	-80.2649287051	
45	0.0	-81.0040379169	
45	0.0	-80.4486485274	
45	0.0	-80.7781134354	
45	0.0	-81.3965808622	
45	0.0	-80.7450223455	
45	0.0	-80.0660456679	
45	0.0	-80.4085786895	
45	0.0	-80.7725787727	
45	0.0	-80.7446197803	
45	0.0	-80.6407814763	
45	0.0	-80.3066793622	
45	0.0	-80.9163063143	
45	0.0	-81.1395783067	
45	0.0	-80.5200920779	
45	0.0	-81.4263983436	
45	0.0	-80.6044443956	
45	0.0	-81.178827903	
45	0.0	-80.7397264794	
45	0.0	-80.3253038582	
45	0.0	-81.2547987622	
45	0.0	-80.6341073419	
45	0.0	-80.707870705	
45	0.0	-81.6034835076	
45	0.0	-81.3828503201	
45	0.0	-81.0526196341	
45	0.0	-81.3185758332	
45	0.0	-80.4135569614	
45	0.0	-81.7478260956	
45	0.0	-80.6987245087	
45	0.0	-80.595208108	
45	0.0	-80.2999613146	
45	0.0	-79.4407615586	
45	0.0	-80.9043281775	
45	0.0	-81.4262830316	
45	0.0	-81.1155488049	
45	0.0	-80.485365534	
45	0.0	-81.061536932	
45	0.0	-80.2864339003	
45	0.0	-80.8671613316	
45	0.0	-81.4300153499	
45	0.0	-81.5259713845	
45	0.0	-80.6188860723	
45	0.0	-80.8612830232	
45	0.0	-80.4339668207	
45	0.0	-80.1997816392	
45	0.0	-80.7879734605	
45	0.0	-80.4988635167	
45	0.0	-80.5173537153	
45	0.0	-80.6518398416	
45	0.0	-81.0120370419	
45	0.0	-80.8012769259	
45	0.0	-81.0055025568	
45	0.0	-80.0417737153	
45	0.0	-81.0473452699	
45	0.0	-81.064805353	
45	0.0	-81.6403425664	
45	0.0	-80.3566480602	
45	0.0	-81.7722691021	
45	0.0	-81.8889387908	
45	0.0	-80.5013178507	
45	0.0	-80.5977754676	
45	0.0	-79.6157799572	
45	0.0	-81.2103469521	
45	0.0	-80.8376140163	
45	0.0	-80.853888764	
45	0.0	-80.6584520509	
45	0.0	-80.3006161125	
45	0.0	-80.8885392883	
45	0.0	-81.4219917581	
45	0.0	-81.1859184747	
45	0.0	-80.8147462702	
45	0.0	-80.9531576007	
45	0.0	-81.1462182641	
45	0.0	-80.9323685264	
45	0.0	-80.8268587547	
45	0.0	-80.6581017782	
45	0.0	-81.6170094569	
45	0.0	-81.2373413904	
45	0.0	-81.2278534854	
45	0.0	-81.114236412	
45	0.0	-80.5289569222	
45	0.0	-80.4873521345	
45	0.0	-80.9840992903	
45	0.0	-80.6996901584	
45	0.0	-80.3495497106	
45	0.0	-79.9410161514	
45	0.0	-80.6980869136	
45	0.0	-81.3613307176	
45	0.0	-81.796020314	
45	0.0	-80.6654196922	
45	0.0	-81.3326805608	
45	0.0	-80.800460036	
45	0.0	-81.2925108832	
45	0.0	-80.8705231621	
45	0.0	-81.0918077039	
45	0.0	-81.0588563493	
45	0.0	-80.4213096868	
45	0.0	-81.1071983425	
45	0.0	-81.106127977	
45	0.0	-79.7856909137	
45	0.0	-81.662566657	
45	0.0	-81.4125979185	
45	0.0	-80.5626317374	
45	0.0	-81.3132531039	
45	0.0	-80.9008658399	
45	0.0	-80.8551310666	
45	0.0	-80.7314345179	
45	0.0	-81.7233589297	
45	0.0	-80.8613959533	
45	0.0	-81.4212142561	
45	0.0	-80.495990831	
45	0.0	-80.066209833	
45	0.0	-80.4084176469	
45	0.0	-81.3729674339	
45	0.0	-81.0892237425	
45	0.0	-80.9086881082	
45	0.0	-80.3602901758	
45	0.0	-81.1108573979	
45	0.0	-80.2862972067	
45	0.0	-80.8052000632	
45	0.0	-80.1569237522	
45	0.0	-81.218365685	
45	0.0	-81.2399802937	
45	0.0	-80.519499313	
45	0.0	-80.3546293597	
45	0.0	-81.0030787535	
45	0.0	-80.916817562	
45	0.0	-80.9318559379	
45	0.0	-80.7029564826	
45	0.0	-80.2238953871	
45	0.0	-81.1452144276	
45	0.0	-81.486524471	
45	0.0	-80.7688095294	
45	0.0	-80.7053794856	
45	0.0	-81.5356651628	
45	0.0	-81.3070614616	
45	0.0	-80.9996352593	
45	0.0	-80.418059985	
45	0.0	-80.633387647	
45	0.0	-81.2005525653	
45	0.0	-81.12350867	
45	0.0	-80.5349670603	
45	0.0	-81.170995816	
45	0.0	-81.4299634667	
45	0.0	-80.9457374977	
45	0.0	-81.0370703811	
45	0.0	-81.6426953392	
45	0.0	-80.1253239161	
45	0.0	-80.746614042	
45	0.0	-80.7284109828	
45	0.0	-80.7889500318	
45	0.0	-81.3299227456	
45	0.0	-81.0647843647	
45	0.0	-80.5442482159	
45	0.0	-81.1312848981	
45	0.0	-80.9861015899	
45	0.0	-81.367500206	
45	0.0	-80.6613292657	
45	0.0	-81.0266595987	
45	0.0	-80.5365382042	
45	0.0	-81.0755630033	
45	0.0	-81.4197035344	
45	0.0	-81.1362166835	
45	0.0	-80.5978627018	
45	0.0	-81.0503332128	
45	0.0	-80.7319079192	
45	0.0	-81.6042726942	
45	0.0	-80.6650442141	
45	0.0	-79.9438348709	
45	0.0	-80.9349619524	
45	0.0	-80.6350222371	
45	0.0	-81.4337733898	
45	0.0	-80.4352440002	
45	0.0	-80.8525922084	
45	0.0	-80.518242714	
45	0.0	-81.2559484849	
45	0.0	-81.4513329731	
45	0.0	-80.2769099543	
45	0.0	-81.8868306642	
45	0.0	-80.9395750545	
45	0.0	-79.9327945819	
45	0.0	-81.2726775143	
45	0.0	-81.0919408527	
45	0.0	-81.8703579599	
45	0.0	-81.3277032579	
45	0.0	-81.2628398826	
45	0.0	-80.6096933128	
45	0.0	-81.3892903314	
45	0.0	-80.679665595	
45	0.0	-81.2483117157	
45	0.0	-80.7339200959	
45	0.0	-80.8471642641	
45	0.0	-80.9447175327	
45	0.0	-81.3478159911	
45	0.0	-81.1600400927	
45	0.0	-81.5453743447	
45	0.0	-81.5863622386	
45	0.0	-80.1790514997	
45	0.0	-81.3097492956	
45	0.0	-81.1654516543	
45	0.0	-80.7776473938	
45	0.0	-81.2531587956	
45	0.0	-81.0735245108	
45	0.0	-81.2922233838	
45	0.0	-80.8453581101	
45	0.0	-81.4754426376	
45	0.0	-80.0395461986	
45	0.0	-80.6423549447	
45	0.0	-80.457031312	
45	0.0	-80.8477131861	
45	0.0	-80.7828273276	
45	0.0	-81.0084071401	
45	0.0	-81.4267505075	
45	0.0	-81.9318799342	
45	0.0	-80.3463041457	
45	0.0	-80.4152654885	
45	0.0	-81.2189283128	
45	0.0	-80.9607825985	
45	0.0	-80.9381912943	
45	0.0	-80.9249492034	
45	0.0	-81.2846723973	
45	0.0	-81.0239955586	
45	0.0	-80.8838847542	
45	0.0	-80.6114899017	
45	0.0	-80.5028702734	
45	0.0	-80.310182705	
45	0.0	-81.1977243183	
45	0.0	-81.0922065552	
45	0.0	-80.9528102766	
45	0.0	-80.9413392458	
45	0.0	-81.6162666869	
45	0.0	-81.4282286076	
45	0.0	-80.8076562723	
45	0.0	-79.9860360228	
45	0.0	-80.524869762	
45	0.0	-81.2774418261	
45	0.0	-80.4246635795	
45	0.0	-80.6632385365	
45	0.0	-80.9327294963	
45	0.0	-81.2973722258	
45	0.0	-81.2690597293	
45	0.0	-80.3710936936	
45	0.0	-81.4455627849	
45	0.0	-80.9958155117	
45	0.0	-80.8425331552	
45	0.0	-80.3813210845	
45	0.0	-80.9851983095	
45	0.0	-80.9090082013	
45	0.0	-80.3206071249	
45	0.0	-81.2714142865	
45	0.0	-79.9879402985	
45	0.0	-81.2621024619	
45	0.0	-80.5938492166	
45	0.0	-81.0876009074	
45	0.0	-80.3071825915	
45	0.0	-80.9897714652	
45	0.0	-79.8319478784	
45	0.0	-80.9773256429	
45	0.0	-80.9165812054	
45	0.0	-80.7327050623	
45	0.0	-81.0807352685	
45	0.0	-80.6423940926	
45	0.0	-80.4577336469	
45	0.0	-82.3868639612	
45	0.0	-81.4485203299	
45	0.0	-80.7092027285	
45	0.0	-81.6688740733	
45	0.0	-80.2972126747	
45	0.0	-81.4126490723	
45	0.0	-80.351202145	
45	0.0	-81.3753528281	
45	0.0	-81.2310721703	
45	0.0	-81.609750682	
45	0.0	-80.7725153426	
45	0.0	-80.8954666812	
45	0.0	-81.1545961287	
45	0.0	-81.5555749134	
45	0.0	-81.1803008768	
45	0.0	-81.0523762693	
45	0.0	-81.2529496166	
45	0.0	-80.7499206516	
45	0.0	-80.1442655456	
45	0.0	-81.077759639	
45	0.0	-81.0551222132	
45	0.0	-80.4512227174	
45	0.0	-80.0019402188	
45	0.0	-81.4500123162	
45	0.0	-81.0591572604	
45	0.0	-80.9456555927	
45	0.0	-80.1712691155	
45	0.0	-80.1378552761	
45	0.0	-81.0992899219	
45	0.0	-81.7460244468	
45	0.0	-81.2951550547	
45	0.0	-80.6332590911	
45	0.0	-80.9241989308	
45	0.0	-80.0826811782	
45	0.0	-81.0630667498	
45	0.0	-80.2230337404	
45	0.0	-80.366523232	
45	0.0	-80.1151342469	
45	0.0	-81.4339952127	
45	0.0	-81.1909935627	
45	0.0	-80.5213097171	
45	0.0	-81.2774070495	
45	0.0	-81.527291637	
45	0.0	-81.4017988086	
45	0.0	-80.6071280007	
45	0.0	-79.8898299381	
45	0.0	-81.1175841307	
45	0.0	-80.9404424466	
45	0.0	-80.3906115799	
45	0.0	-81.7288146731	
45	0.0	-81.130284024	
45	0.0	-81.153234612	
45	0.0	-80.2762151892	
45	0.0	-80.5864969787	
45	0.0	-80.3862139119	
45	0.0	-80.5845211595	
45	0.0	-80.707240314	
45	0.0	-81.2154591026	
45	0.0	-81.2208384871	
45	0.0	-79.9599988192	
45	0.0	-80.4535672118	
45	0.0	-81.1884614688	
45	0.0	-80.8877780183	
45	0.0	-81.0576683122	
45	0.0	-79.8585955623	
45	0.0	-80.7243871728	
45	0.0	-81.8242849193	
45	0.0	-80.0489377223	
45	0.0	-81.4274931033	
45	0.0	-81.0370998189	
45	0.0	-81.3481627731	
45	0.0	-81.621843644	
45	0.0	-81.2285073656	
45	0.0	-81.2518862424	
45	0.0	-81.3513976451	
45	0.0	-81.2844893532	
45	0.0	-80.9840386111	
45	0.0	-81.1237246316	
45	0.0	-80.7191774977	
45	0.0	-80.8521524027	
45	0.0	-81.295635944	
45	0.0	-80.358763694	
45	0.0	-80.2064911891	
45	0.0	-81.7342488371	
45	0.0	-81.2641383669	
45	0.0	-80.108106844	
45	0.0	-80.9482709486	
45	0.0	-80.7006888127	
45	0.0	-81.1457260746	
45	0.0	-80.7387302966	
45	0.0	-81.1290987085	
45	0.0	-80.9361975558	
45	0.0	-80.871841241	
45	0.0	-81.0197673053	
45	0.0	-80.8867700186	
45	0.0	-81.1552080612	
45	0.0	-81.5598278715	
45	0.0	-79.9022501003	
45	0.0	-81.0145148862	
45	0.0	-81.7345427521	
45	0.0	-79.9279435113	
45	0.0	-81.6941220121	
45	0.0	-81.1475650677	
45	0.0	-80.9334604388	
45	0.0	-80.6995274238	
45	0.0	-80.6760621732	
45	0.0	-80.0318178307	
45	0.0	-81.0992064163	
45	0.0	-80.2909801584	
45	0.0	-81.1228134595	
45	0.0	-81.1520537761	
45	0.0	-80.4691501278	
45	0.0	-81.1776270819	
45	0.0	-80.8696781808	
45	0.0	-80.6762223568	
45	0.0	-80.6200443964	
45	0.0	-81.571095418	
45	0.0	-80.7580879434	
45	0.0	-81.3723700875	
45	0.0	-80.4137810152	
45	0.0	-80.1839873291	
45	0.0	-81.396417915	
45	0.0	-81.3586570567	
45	0.0	-80.8817914769	
45	0.0	-80.1403072272	
45	0.0	-80.046324312	
45	0.0	-80.5283326798	
45	0.0	-80.5980236012	
45	0.0	-81.3355471343	
45	0.0	-79.9922509604	
45	0.0	-81.4256571986	
45	0.0	-81.2022803685	
45	0.0	-81.3700645172	
45	0.0	-81.3478015495	
45	0.0	-80.7501533562	
45	0.0	-81.4642126949	
45	0.0	-80.4126778316	
45	0.0	-80.2877150758	
45	0.0	-80.3125893246	
45	0.0	-81.0736703186	
45	0.0	-81.9522223221	
45	0.0	-80.7651704752	
45	0.0	-81.169987921	
45	0.0	-80.5251363996	
45	0.0	-80.4138445356	
45	0.0	-80.5095584615	
45	0.0	-81.47372247	
45	0.0	-80.0455182623	
45	0.0	-80.9971310272	
45	0.0	-80.3507518299	
45	0.0	-81.1043279534	
45	0.0	-81.1461591966	
45	0.0	-80.9683013822	
45	0.0	-80.4116086088	
45	0.0	-80.689941816	
45	0.0	-81.0207933361	
45	0.0	-80.150995064	
45	0.0	-81.0396130339	
45	0.0	-80.6848555492	
45	0.0	-80.5285773245	
45	0.0	-80.6300964299	
45	0.0	-80.8266148285	
45	0.0	-80.3787910461	
45	0.0	-81.6206062526	
45	0.0	-81.4223302071	
45	0.0	-80.6034141082	
45	0.0	-81.2971984313	
45	0.0	-80.4272927854	
45	0.0	-80.9684446347	
45	0.0	-81.9188485255	
45	0.0	-80.5563679306	
45	0.0	-81.1859848173	
45	0.0	-81.2555520998	
45	0.0	-80.5161981384	
45	0.0	-80.6200714997	
45	0.0	-81.3873865132	
45	0.0	-80.9118556317	
45	0.0	-81.5717063199	
45	0.0	-81.3370191068	
45	0.0	-81.5793421431	
45	0.0	-81.4593040726	
45	0.0	-80.170270275	
45	0.0	-80.8891160604	
45	0.0	-80.8759106816	
45	0.0	-82.0908261106	
45	0.0	-81.3099177895	
45	0.0	-80.6721920367	
45	0.0	-81.6287144227	
45	0.0	-80.0832230795	
45	0.0	-81.1716745095	
45	0.0	-81.1352026607	
45	0.0	-80.8400333521	
45	0.0	-81.1628928706	
45	0.0	-80.8251649832	
45	0.0	-80.5090872274	
45	0.0	-81.5456197728	
45	0.0	-81.1015395957	
45	0.0	-80.750911653	
45	0.0	-80.9717611965	
45	0.0	-81.195011652	
45	0.0	-80.3728316991	
45	0.0	-81.3229798121	
45	0.0	-81.0184777497	
45	0.0	-81.9847888075	
45	0.0	-81.121985065	
45	0.0	-80.3998520309	
45	0.0	-80.6105999153	
45	0.0	-81.9138145645	
45	0.0	-81.1587533875	
45	0.0	-80.0196288432	
45	0.0	-80.4619223001	
45	0.0	-80.9169783801	
45	0.0	-80.9537939852	
45	0.0	-80.9827110207	
45	0.0	-81.4253104987	
45	0.0	-81.5807447551	
45	0.0	-80.5974465183	
45	0.0	-80.7760134704	
45	0.0	-80.6298113462	
45	0.0	-80.7123218226	
45	0.0	-81.1195375181	
45	0.0	-80.0902243209	
45	0.0	-81.1034571514	
45	0.0	-80.8368019793	
45	0.0	-81.2818695287	
45	0.0	-80.9939528836	
45	0.0	-81.3800780197	
45	0.0	-80.7977909102	
45	0.0	-80.9422259512	
45	0.0	-80.5546732357	
45	0.0	-81.2319565911	
45	0.0	-81.4733320494	
45	0.0	-80.1391447344	
45	0.0	-80.9093426212	
45	0.0	-80.5129039767	
45	0.0	-81.0588758	
45	0.0	-80.9937131562	
45	0.0	-81.3546338954	
45	0.0	-81.3974691002	
45	0.0	-80.7124004913	
45	0.0	-80.4873187704	
45	0.0	-80.7576424727	
45	0.0	-80.3862761832	
45	0.0	-81.2924109368	
45	0.0	-80.7912900466	
45	0.0	-80.7319054001	
45	0.0	-81.2849271301	
45	0.0	-80.5609960908	
45	0.0	-80.1327725466	
45	0.0	-79.7537102713	
45	0.0	-80.6936864491	
45	0.0	-80.6069289832	
45	0.0	-80.0451495692	
45	0.0	-80.3201594588	
45	0.0	-79.9959208589	
45	0.0	-81.0206845904	
45	0.0	-81.0425420192	
45	0.0	-81.2794566464	
45	0.0	-80.7111401364	
45	0.0	-81.6763489388	
45	0.0	-80.1597763639	
45	0.0	-80.4037229681	
45	0.0	-80.8756167714	
45	0.0	-80.8444812593	
45	0.0	-80.5189957232	
45	0.0	-81.2206860443	
45	0.0	-80.8055129006	
45	0.0	-81.1909880088	
45	0.0	-80.7047662628	
45	0.0	-81.9556115698	
45	0.0	-81.2599749948	
45	0.0	-81.3964049643	
45	0.0	-80.6044420759	
45	0.0	-80.8572922268	
45	0.0	-81.3277731659	
45	0.0	-81.4025062749	
45	0.0	-81.5614240407	
45	0.0	-80.911449941	
45	0.0	-80.2705251401	
45	0.0	-80.8749763264	
45	0.0	-80.829177682	
45	0.0	-81.4224971008	
45	0.0	-80.762980386	
45	0.0	-81.0786963103	
45	0.0	-81.0048983609	
45	0.0	-80.0279721152	
45	0.0	-80.883432855	
45	0.0	-80.7575044982	
45	0.0	-81.5889067416	
45	0.0	-80.6837598611	
45	0.0	-81.0694860701	
45	0.0	-80.6119981903	
45	0.0	-81.0332561397	
45	0.0	-81.1512581353	
45	0.0	-80.7665049611	
45	0.0	-80.713042549	
45	0.0	-80.3191195271	
45	0.0	-80.638948134	
45	0.0	-80.9743924555	
45	0.0	-80.9812149261	
45	0.0	-80.4697251718	
45	0.0	-81.424135502	
45	0.0	-81.1337966619	
45	0.0	-81.6524411819	
45	0.0	-80.9859558239	
45	0.0	-80.9570787795	
45	0.0	-80.6034370014	
45	0.0	-81.4335931291	
45	0.0	-81.2497321055	
45	0.0	-81.5145762819	
45	0.0	-81.8819022671	
45	0.0	-81.2544405013	
45	0.0	-80.0896318816	
45	0.0	-80.1661054881	
45	0.0	-81.3323714973	
45	0.0	-80.9491011274	
45	0.0	-80.9878102256	
45	0.0	-81.3187069125	
45	0.0	-80.872461535	
45	0.0	-80.0532135164	
45	0.0	-81.0048611624	
45	0.0	-80.6081904338	
45	0.0	-81.0096301528	
45	0.0	-81.8116932819	
45	0.0	-81.611583605	
45	0.0	-81.2801273073	
45	0.0	-80.2376457712	
45	0.0	-81.7329149983	
45	0.0	-81.6007885395	
45	0.0	-81.5185831642	
45	0.0	-80.9620839249	
45	0.0	-81.3170826083	
45	0.0	-80.5294343971	
45	0.0	-80.8141036981	
45	0.0	-81.1982639826	
45	0.0	-79.6765070454	
45	0.0	-80.9917193885	
45	0.0	-80.4947817017	
45	0.0	-80.2515147943	
45	0.0	-80.1156745043	
45	0.0	-81.8358517953	
45	0.0	-80.0301928995	
45	0.0	-80.3522625997	
45	0.0	-81.4640048301	
45	0.0	-80.2350718111	
45	0.0	-80.7022810314	
45	0.0	-81.5443206298	
45	0.0	-81.65785939	
45	0.0	-80.9477060394	
45	0.0	-80.6511724184	
45	0.0	-80.8243169468	
45	0.0	-82.1244646011	
45	0.0	-80.5229342232	
45	0.0	-81.2582268668	
45	0.0	-80.8449085629	
45	0.0	-81.0462025388	
45	0.0	-80.5782845126	
45	0.0	-80.76751817	
45	0.0	-81.3476260973	
45	0.0	-80.6191718937	
45	0.0	-80.9010950631	
45	0.0	-80.7755458204	
45	0.0	-80.4982816777	
45	0.0	-80.6054109754	
45	0.0	-80.7671988519	
45	0.0	-80.9357356948	
45	0.0	-80.9316003609	
45	0.0	-81.4343496651	
45	0.0	-80.3979011107	
45	0.0	-80.4803573095	
45	0.0	-80.9185183156	
45	0.0	-80.926521422	
45	0.0	-80.9672117268	
45	0.0	-81.5800736097	
45	0.0	-81.0918278794	
45	0.0	-80.3479499228	
45	0.0	-81.5206072025	
45	0.0	-80.0736666537	
45	0.0	-80.4006663505	
45	0.0	-80.2276698827	
45	0.0	-80.7858022739	
45	0.0	-80.3105010629	
45	0.0	-80.3692634882	
45	0.0	-80.3566407347	
45	0.0	-81.0417079216	
45	0.0	-80.9739873905	
45	0.0	-80.8214043255	
45	0.0	-80.5024924304	
45	0.0	-80.5891634708	
45	0.0	-80.6722278842	
45	0.0	-80.4409350888	
45	0.0	-80.7237315162	
45	0.0	-80.2051880325	
45	0.0	-81.030940152	
45	0.0	-81.69525392	
45	0.0	-81.703549806	
45	0.0	-80.8745322543	
45	0.0	-80.4239980525	
45	0.0	-81.3920979991	
45	0.0	-80.7852736984	
45	0.0	-80.9273534002	
45	0.0	-80.9953587461	
45	0.0	-80.8875254654	
45	0.0	-80.4410056856	
45	0.0	-81.0175268359	
45	0.0	-80.0170467049	
45	0.0	-80.681408122	
45	0.0	-81.9755452963	
45	0.0	-81.1084794076	
45	0.0	-81.3228634708	
45	0.0	-81.1329850504	
