NUMBER_OF_SYNAPSES	APC_N	MAX_VOLTAGE	
259	2.0	43.2605158276	
259	2.0	43.2129298076	
259	1.0	43.2346215276	
259	1.0	43.1475956096	
259	1.0	43.1663477675	
259	2.0	43.2790104506	
259	1.0	43.2159775173	
259	1.0	43.193058779	
259	2.0	43.2743884201	
259	2.0	43.2440578976	
259	1.0	43.2810290987	
259	1.0	43.2126538326	
259	1.0	43.108148968	
259	1.0	43.2126573724	
259	2.0	43.1801607427	
259	2.0	43.1738800671	
259	2.0	43.3131540793	
259	2.0	43.280198367	
259	1.0	43.2145648618	
259	1.0	43.2847592608	
259	2.0	43.229499068	
259	2.0	43.2610640703	
259	2.0	43.2329730757	
259	2.0	43.2226536915	
259	2.0	43.2311479685	
259	2.0	43.0808971202	
259	2.0	43.2117954544	
259	2.0	43.2730894239	
259	1.0	43.24007872	
259	2.0	43.1363583552	
259	2.0	43.231762873	
259	2.0	43.1785672274	
259	2.0	43.21352624	
259	1.0	43.1338170631	
259	2.0	43.2726778042	
259	2.0	43.276371306	
259	1.0	43.1836484242	
259	2.0	43.2712463072	
259	2.0	43.1307900797	
259	1.0	43.2073180093	
259	2.0	43.2897356547	
259	2.0	43.2038473628	
259	1.0	43.2188706245	
259	2.0	43.2708795359	
259	1.0	43.2314256333	
259	2.0	43.2285771851	
259	2.0	43.1179704733	
259	2.0	43.2240200013	
259	1.0	43.2168307681	
259	2.0	43.248450707	
259	1.0	43.2240967049	
259	2.0	43.1973098602	
259	1.0	43.2760269227	
259	1.0	43.1749095673	
259	1.0	43.2813160892	
259	1.0	43.2489530022	
259	1.0	43.1494807312	
259	1.0	43.2892007476	
259	1.0	43.2729558131	
259	2.0	43.2149341373	
259	2.0	43.2206618991	
259	2.0	43.2813542095	
259	1.0	43.2476518327	
259	2.0	43.2161868325	
259	1.0	43.225661667	
259	1.0	43.2276312127	
259	1.0	43.3002048779	
259	1.0	43.194354715	
259	2.0	43.2830924618	
259	1.0	43.2690768635	
259	1.0	43.1667085754	
259	2.0	43.2091066026	
259	2.0	43.2428104607	
259	1.0	43.2330583466	
259	1.0	43.2408120709	
259	1.0	43.1841006936	
259	1.0	43.2690183069	
259	1.0	43.2242986064	
259	1.0	43.2129233794	
259	1.0	43.2013669713	
259	2.0	43.2670892668	
259	2.0	43.2370497696	
259	1.0	43.1311849603	
259	1.0	43.2022522135	
259	2.0	43.1848313882	
259	1.0	43.1634125093	
259	2.0	43.2310964204	
259	2.0	43.2580423192	
259	2.0	43.2411522376	
259	2.0	43.2702023479	
259	1.0	43.2129038151	
259	1.0	43.2402221639	
259	1.0	43.1733122246	
259	1.0	43.1763576471	
259	1.0	43.2553799417	
259	1.0	43.2019796951	
259	1.0	43.2829032983	
259	1.0	43.221602242	
259	2.0	43.2010274505	
259	1.0	43.1839567058	
259	1.0	43.228897802	
259	1.0	43.2145786438	
259	2.0	43.2057763793	
259	2.0	43.312233165	
259	1.0	43.2376036992	
259	2.0	43.2116959492	
259	1.0	43.261711029	
259	1.0	43.2394179736	
259	2.0	43.2930704523	
259	1.0	43.2343571475	
259	2.0	43.2533210006	
259	2.0	43.172740582	
259	2.0	43.2469867464	
259	2.0	43.1653053576	
259	2.0	43.3130237064	
259	1.0	43.2256200825	
259	1.0	43.1407065668	
259	1.0	43.3045418907	
259	1.0	43.2255989324	
259	1.0	43.1447424721	
259	1.0	43.2549509216	
259	2.0	43.2271386988	
259	2.0	43.2807178541	
259	2.0	43.2079623124	
259	1.0	43.1908211401	
259	2.0	43.2544923134	
259	2.0	43.2980192766	
259	2.0	43.2226949469	
259	2.0	43.2611985036	
259	1.0	43.1862223911	
259	1.0	43.2779574746	
259	2.0	43.2260533436	
259	3.0	43.2354458478	
259	1.0	43.2102994116	
259	2.0	43.0800759849	
259	1.0	43.2391435125	
259	1.0	43.2655885243	
259	2.0	43.2284750079	
259	2.0	43.1908385801	
259	1.0	43.2758107908	
259	2.0	43.048799354	
259	1.0	43.2701774192	
259	2.0	43.2541319601	
259	1.0	43.2173798823	
259	2.0	43.2446891023	
259	1.0	43.2194435346	
259	1.0	43.1938753396	
259	1.0	43.2095917575	
259	1.0	43.192061295	
259	1.0	43.2240256311	
259	2.0	43.1771719928	
259	1.0	43.232059729	
259	1.0	43.2442327207	
259	1.0	43.2613040391	
259	2.0	43.2513684864	
259	2.0	43.2920286598	
259	1.0	43.1805327091	
259	1.0	43.2727419486	
259	2.0	43.2454078711	
259	1.0	43.1265662538	
259	1.0	43.1956691955	
259	2.0	43.2353649074	
259	2.0	43.1014294352	
259	1.0	43.1625758135	
259	1.0	43.2139216897	
259	1.0	43.1745437309	
259	2.0	43.2693742242	
259	1.0	43.2650481533	
259	1.0	43.2401425604	
259	2.0	43.211980031	
259	2.0	43.2472760923	
259	1.0	43.2210322703	
259	1.0	43.2149925135	
259	1.0	43.2357503137	
259	1.0	43.1566779299	
259	1.0	43.2002423192	
259	1.0	43.1576891746	
259	2.0	43.2702877674	
259	1.0	43.2679091834	
259	2.0	43.2792407404	
259	2.0	43.1705319476	
259	2.0	43.2787945437	
259	1.0	43.2323338782	
259	1.0	43.2645929402	
259	1.0	43.2459754961	
259	1.0	43.2299049148	
259	2.0	43.1060582992	
259	2.0	43.2241011482	
259	2.0	43.0906772238	
259	2.0	43.1787988453	
259	1.0	43.2321889766	
259	1.0	43.1269032545	
259	1.0	43.1946826088	
259	1.0	43.2182252112	
259	2.0	43.2975748965	
259	1.0	43.1064606478	
259	1.0	43.2311747538	
259	1.0	43.1123831988	
259	1.0	43.1699087284	
259	1.0	43.2628044632	
259	1.0	43.2852961341	
259	2.0	43.2195838881	
259	2.0	43.2309223206	
259	2.0	43.1812285071	
259	2.0	43.169608096	
259	1.0	43.2154203645	
259	1.0	43.2249448843	
259	2.0	43.2423864223	
259	1.0	43.1107039462	
259	1.0	43.1977511498	
259	1.0	43.2020786388	
259	2.0	43.1558019596	
259	1.0	43.2449831004	
259	1.0	43.2383753104	
259	2.0	43.1972265931	
259	2.0	43.1374500892	
259	1.0	43.2609375526	
259	1.0	43.2168627323	
259	1.0	43.265375939	
259	1.0	43.2613252718	
259	1.0	43.2226310694	
259	2.0	43.1752694149	
259	1.0	43.2254354376	
259	2.0	43.0991204343	
259	2.0	43.2406091973	
259	2.0	43.324951797	
259	1.0	43.3047611997	
259	2.0	43.2311370906	
259	2.0	43.1970350325	
259	1.0	43.2580422618	
259	1.0	43.255194191	
259	1.0	43.2172982214	
259	1.0	43.1831081607	
259	1.0	43.1723384993	
259	2.0	43.1321278147	
259	1.0	43.2757070168	
259	1.0	43.2798045744	
259	2.0	43.1520439062	
259	1.0	43.2809468639	
259	1.0	43.244545804	
259	2.0	43.1993548632	
259	1.0	43.2130034153	
259	1.0	43.2702554672	
259	2.0	43.1850939744	
259	2.0	43.2195596554	
259	1.0	43.2139622455	
259	1.0	43.2522232248	
259	2.0	43.287856562	
259	2.0	43.1963410852	
259	1.0	43.1636997117	
259	2.0	43.2041039228	
259	1.0	43.2381380515	
259	2.0	43.2344147075	
259	1.0	43.2577699945	
259	1.0	43.1817644456	
259	1.0	43.2370405994	
259	1.0	43.2050644178	
259	2.0	43.2225399197	
259	2.0	43.2052834426	
259	1.0	43.2441113061	
259	1.0	43.2574807959	
259	1.0	43.2630469584	
259	2.0	43.1789117054	
259	2.0	43.1743406304	
259	2.0	43.21439885	
259	2.0	43.1946596626	
259	1.0	43.2221022153	
259	2.0	43.2294390989	
259	1.0	43.156613498	
259	2.0	43.280660561	
259	2.0	43.2734670178	
259	1.0	43.1451487835	
259	2.0	43.2759104825	
259	2.0	43.2224644925	
259	1.0	43.2324740798	
259	1.0	43.2188348027	
259	2.0	43.2485116381	
259	1.0	43.1389030247	
259	2.0	43.2297077365	
259	2.0	43.3323500817	
259	1.0	43.2097236535	
259	1.0	43.1565206885	
259	1.0	43.2028893139	
259	2.0	43.2616328488	
259	2.0	43.20033628	
259	1.0	43.1204619797	
259	1.0	43.1853151256	
259	2.0	43.1539809191	
259	2.0	43.2116704644	
259	1.0	43.2244158945	
259	1.0	43.243444529	
259	1.0	43.2192218176	
259	1.0	43.2024528623	
259	1.0	43.3202321763	
259	1.0	43.2491831879	
259	1.0	43.2456620834	
259	1.0	43.2505344523	
259	1.0	43.2811255765	
259	2.0	43.2136696003	
259	2.0	43.1656602226	
259	2.0	43.1364898889	
259	2.0	43.2663256848	
259	2.0	43.173522914	
259	2.0	43.242204449	
259	2.0	43.1680289437	
259	1.0	43.2333361457	
259	1.0	43.2191075288	
259	1.0	43.2979599428	
259	1.0	43.1681836795	
259	1.0	43.1546715578	
259	2.0	43.2324010532	
259	1.0	43.2343398808	
259	1.0	43.2420820761	
259	1.0	43.2273701495	
259	1.0	43.2169917934	
259	2.0	43.2319939959	
259	1.0	43.1914622056	
259	1.0	43.1572587153	
259	1.0	43.2755714018	
259	1.0	43.1783176017	
259	1.0	43.2893799414	
259	1.0	43.235355425	
259	1.0	43.2794587095	
259	2.0	43.1477447369	
259	1.0	43.2451466481	
259	2.0	43.2521435958	
259	2.0	43.2215353143	
259	1.0	43.2689820344	
259	2.0	43.2147214772	
259	1.0	43.2552660563	
259	2.0	43.2369196991	
259	2.0	43.3195378903	
259	1.0	43.1553591533	
259	1.0	43.2364652824	
259	1.0	43.2351017838	
259	2.0	43.2005585139	
259	2.0	43.2057706003	
259	2.0	43.2325066725	
259	1.0	43.1306716349	
259	1.0	43.1479909905	
259	2.0	43.1716221088	
259	2.0	43.2322990482	
259	2.0	43.1945796465	
259	1.0	43.2648218074	
259	2.0	43.1039469112	
259	1.0	43.252969905	
259	1.0	43.2711022507	
259	1.0	43.2532314745	
259	2.0	43.2751649882	
259	2.0	43.2015734387	
259	2.0	43.2682280814	
259	1.0	43.2018293825	
259	1.0	43.2199764778	
259	1.0	43.192176095	
259	1.0	43.2525399975	
259	1.0	43.2768173456	
259	2.0	43.1902355329	
259	2.0	43.2788390551	
259	1.0	43.2599921013	
259	2.0	43.2892891908	
259	2.0	43.1831244184	
259	2.0	43.2892082622	
259	2.0	43.2406739062	
259	1.0	43.2268201608	
259	1.0	43.2624846438	
259	2.0	43.2761739345	
259	2.0	43.2306488597	
259	1.0	43.2315046475	
259	1.0	43.1581939302	
259	2.0	43.2469758411	
259	1.0	43.2343627751	
259	1.0	43.2162789579	
259	2.0	43.2254438206	
259	1.0	43.1741307843	
259	2.0	43.2219607602	
259	1.0	43.1430392194	
259	2.0	43.2654387511	
259	2.0	43.2286600852	
259	1.0	43.164112335	
259	2.0	43.2604587474	
259	1.0	43.2316543376	
259	1.0	43.1544299538	
259	2.0	43.1952471744	
259	1.0	43.2101714397	
259	2.0	43.2584057235	
259	1.0	43.207023498	
259	1.0	43.2108949615	
259	1.0	43.2314581469	
259	2.0	43.2523434536	
259	1.0	43.2460100141	
259	2.0	43.2635766463	
259	1.0	43.2508021718	
259	1.0	43.2497259485	
259	1.0	43.2081804368	
259	2.0	43.184830595	
259	1.0	43.2625128759	
259	2.0	43.1948279685	
259	1.0	43.2825347662	
259	1.0	43.1280351399	
259	1.0	43.2579360561	
259	1.0	43.274514088	
259	2.0	43.1574277933	
259	2.0	43.2240085928	
259	1.0	43.1573395837	
259	1.0	43.2576845989	
259	1.0	43.2001914195	
259	1.0	43.2684690989	
259	2.0	43.1831633074	
259	2.0	43.241924806	
259	2.0	43.2562452751	
259	1.0	43.2272029332	
259	2.0	43.1949176304	
259	1.0	43.2195698432	
259	2.0	43.238739566	
259	1.0	43.1956416968	
259	1.0	43.1948469195	
259	1.0	43.2346902322	
259	1.0	43.1689417939	
259	2.0	43.1559413151	
259	2.0	43.1782409023	
259	2.0	43.2333888736	
259	2.0	43.1924020228	
259	1.0	43.176682297	
259	2.0	43.2705217897	
259	2.0	43.3043825524	
259	1.0	43.2010066876	
259	1.0	43.1901308731	
259	1.0	43.2272822263	
259	2.0	43.212212718	
259	1.0	43.2357461412	
259	2.0	43.1356206442	
259	1.0	43.2292580612	
259	2.0	43.2175892194	
259	1.0	43.2650896571	
259	2.0	43.1866058206	
259	1.0	43.2423977759	
259	1.0	43.2423959495	
259	1.0	43.2889609591	
259	1.0	43.1954502268	
259	2.0	43.2745913354	
259	1.0	43.2153738995	
259	1.0	43.2269645025	
259	1.0	43.2487198633	
259	1.0	43.1776608385	
259	2.0	43.2333889471	
259	2.0	43.2768859066	
259	1.0	43.2086234689	
259	2.0	43.2663339191	
259	1.0	43.3023580886	
259	2.0	43.2188550916	
259	1.0	43.2576472513	
259	1.0	43.2390563833	
259	2.0	43.2392698882	
259	1.0	43.1750524316	
259	1.0	43.1796279138	
259	1.0	43.240684525	
259	1.0	43.2439000482	
259	1.0	43.2781698406	
259	1.0	43.1928198407	
259	2.0	43.2500458276	
259	2.0	43.1929216022	
259	1.0	43.236705329	
259	2.0	43.2350336259	
259	2.0	43.2378894585	
259	2.0	43.1525268743	
259	2.0	43.1748406411	
259	1.0	43.172645778	
259	2.0	43.2052512365	
259	1.0	43.2290314532	
259	1.0	43.2789152744	
259	1.0	43.3099452069	
259	2.0	43.1307906191	
259	2.0	43.1728651278	
259	1.0	43.16821055	
259	2.0	43.2799231721	
259	1.0	43.1934725871	
259	2.0	43.1611691215	
259	1.0	43.2329725668	
259	2.0	43.2061253879	
259	1.0	43.2865084369	
259	2.0	43.217473217	
259	1.0	43.2306505398	
259	1.0	43.2219515617	
259	1.0	43.271845166	
259	1.0	43.1719476657	
259	2.0	43.1559295726	
259	1.0	43.2558552461	
259	1.0	43.1005712777	
259	2.0	43.2918737983	
259	2.0	43.1941637783	
259	1.0	43.2459577635	
259	2.0	43.2577426527	
259	2.0	43.2774248173	
259	1.0	43.1366591393	
259	1.0	43.1560373971	
259	2.0	43.1799831099	
259	1.0	43.2095830356	
259	1.0	43.2292781052	
259	1.0	43.2771207203	
259	2.0	43.1466927152	
259	1.0	43.0586181553	
259	2.0	43.2655626287	
259	2.0	43.3046108708	
259	1.0	43.1481441764	
259	2.0	43.1610137411	
259	1.0	43.2621071224	
259	2.0	43.165448538	
259	1.0	43.257543303	
259	1.0	43.2541584989	
259	2.0	43.1617099862	
259	2.0	43.225323474	
259	2.0	43.2625332079	
259	1.0	43.2297822586	
259	2.0	43.2213166734	
259	1.0	43.2312315264	
259	1.0	43.1692992328	
259	1.0	43.1991965685	
259	2.0	43.2640041457	
259	2.0	43.1410602774	
259	2.0	43.2599075644	
259	2.0	43.2477986384	
259	2.0	43.1939775028	
259	1.0	43.2189121868	
259	1.0	43.2233198606	
259	2.0	43.2617136561	
259	2.0	43.2694899308	
259	1.0	43.2735592767	
259	2.0	43.1910618149	
259	1.0	43.2694655169	
259	2.0	43.2643483955	
259	2.0	43.2082026958	
259	2.0	43.2044485474	
259	1.0	43.1720113653	
259	1.0	43.0927407981	
259	1.0	43.2536956261	
259	2.0	43.2355720815	
259	1.0	43.2373299685	
259	2.0	43.2521398356	
259	1.0	43.1711151798	
259	2.0	43.146782377	
259	1.0	43.2094293218	
259	2.0	43.2719988294	
259	2.0	43.2451128842	
259	1.0	43.3112088187	
259	1.0	43.2360978975	
259	2.0	43.2243339214	
259	2.0	43.1810183946	
259	2.0	43.1163012678	
259	2.0	43.1993340931	
259	2.0	43.2486058465	
259	1.0	43.198168661	
259	2.0	43.1930164023	
259	1.0	43.2676935436	
259	2.0	43.1598894109	
259	1.0	43.2568992175	
259	2.0	43.0781413198	
259	2.0	43.2516168528	
259	1.0	43.2339994745	
259	2.0	43.20513008	
259	2.0	43.189990824	
259	2.0	43.2596486253	
259	2.0	43.179654452	
259	2.0	43.2804425545	
259	1.0	43.2543942661	
259	2.0	43.2920784747	
259	1.0	43.2543078506	
259	2.0	43.1470495599	
259	2.0	43.2150940816	
259	1.0	43.2602024529	
259	1.0	43.2613089162	
259	1.0	43.2311927673	
259	2.0	43.2608565864	
259	2.0	43.23526678	
259	2.0	43.2331826071	
259	1.0	43.2115457301	
259	2.0	43.2082285337	
259	2.0	43.2377959104	
259	2.0	43.2235094917	
259	2.0	43.2630163332	
259	2.0	43.2280683746	
259	1.0	43.1153297327	
259	2.0	43.2879080006	
259	2.0	43.2606128219	
259	2.0	43.2644907569	
259	1.0	43.213329313	
259	2.0	43.2494647636	
259	1.0	43.1649855923	
259	2.0	43.241354521	
259	1.0	43.1493481385	
259	2.0	43.23919511	
259	2.0	43.1633897392	
259	1.0	43.1292179456	
259	2.0	43.2156705747	
259	2.0	43.2486023481	
259	2.0	43.1552516363	
259	2.0	43.25050065	
259	1.0	43.1733235011	
259	1.0	43.1584432939	
259	2.0	43.2191206237	
259	1.0	43.1840413988	
259	1.0	43.2903164875	
259	2.0	43.3259462895	
259	1.0	43.2540147906	
259	1.0	43.2840994318	
259	2.0	43.2573620618	
259	2.0	43.2581975518	
259	2.0	43.1935189662	
259	1.0	43.22522975	
259	1.0	43.2642360454	
259	2.0	43.2276380386	
259	1.0	43.1548742764	
259	2.0	43.1664450452	
259	2.0	43.2442066546	
259	2.0	43.2375642945	
259	1.0	43.2551562253	
259	2.0	43.1442982623	
259	1.0	43.2030855217	
259	2.0	43.2451434855	
259	1.0	43.2709794531	
259	1.0	43.2374216026	
259	1.0	43.2834605417	
259	2.0	43.2632687636	
259	2.0	43.2202428925	
259	1.0	43.1660719993	
259	2.0	43.1305358446	
259	2.0	43.2078882333	
259	1.0	43.2126881888	
259	2.0	43.2256974935	
259	1.0	43.2138107541	
259	1.0	43.1916275908	
259	1.0	43.1478315195	
259	2.0	43.2095626759	
259	2.0	43.2378451369	
259	1.0	43.0477789864	
259	1.0	43.2033236769	
259	1.0	43.2114325742	
259	1.0	43.2624863001	
259	1.0	43.1166291736	
259	2.0	43.1329479866	
259	2.0	43.1669939384	
259	1.0	43.1195095357	
259	2.0	43.2199180806	
259	1.0	43.2170820422	
259	2.0	43.2923717824	
259	1.0	43.2677583207	
259	1.0	43.27123701	
259	1.0	43.1512440103	
259	1.0	43.2585140325	
259	2.0	43.2606362867	
259	2.0	43.2344367019	
259	2.0	43.1858897271	
259	2.0	43.154943103	
259	1.0	43.1970194798	
259	1.0	43.2575506066	
259	1.0	43.1817322681	
259	1.0	43.2535776002	
259	2.0	43.2141062251	
259	2.0	43.2905365206	
259	2.0	43.2881412331	
259	1.0	43.1784662458	
259	1.0	43.1751598183	
259	1.0	43.2509682498	
259	1.0	43.1603866438	
259	1.0	43.1774186803	
259	2.0	43.2594400852	
259	2.0	43.2735614149	
259	1.0	43.2108813146	
259	1.0	43.2442462444	
259	1.0	43.2064140296	
259	1.0	43.1825226774	
259	1.0	43.2714467843	
259	2.0	43.3072303812	
259	2.0	43.166055294	
259	2.0	43.1637809414	
259	2.0	43.258420982	
259	2.0	43.2227068216	
259	1.0	43.1848207517	
259	2.0	43.1945992154	
259	2.0	43.1569584445	
259	1.0	43.1871990366	
259	2.0	43.2833648514	
259	1.0	43.1548079481	
259	1.0	43.2305662418	
259	1.0	43.1584383839	
259	1.0	43.2186637224	
259	1.0	43.2034568269	
259	1.0	43.1935686734	
259	1.0	43.128735343	
259	1.0	43.2805961537	
259	2.0	43.2830426945	
259	1.0	43.1891362296	
259	2.0	43.2220048677	
259	1.0	43.1147952164	
259	1.0	43.216487828	
259	2.0	43.1117678735	
259	1.0	43.240147834	
259	1.0	43.1657356562	
259	1.0	43.0882675321	
259	1.0	43.1725943945	
259	2.0	43.185137349	
259	2.0	43.1789609332	
259	1.0	43.1228601582	
259	1.0	43.2312904	
259	2.0	43.1950962885	
259	1.0	43.1881319973	
259	2.0	43.212833072	
259	2.0	43.1581366336	
259	1.0	43.2947109932	
259	2.0	43.1378477019	
259	2.0	43.2576521319	
259	1.0	43.2879115355	
259	1.0	43.2401127317	
259	2.0	43.1999876006	
259	1.0	43.0960810493	
259	2.0	43.1977332785	
259	2.0	43.2344830385	
259	1.0	43.1590173274	
259	2.0	43.2694206126	
259	2.0	43.2948470669	
259	2.0	43.2159443137	
259	2.0	43.2227901901	
259	1.0	43.0894916279	
259	1.0	43.2816356511	
259	2.0	43.2314469124	
259	2.0	43.275632744	
259	1.0	43.2392547573	
259	1.0	43.2440322284	
259	2.0	43.2059809952	
259	2.0	43.204358007	
259	2.0	43.1959462525	
259	1.0	43.2990126391	
259	2.0	43.2890260548	
259	1.0	43.2402313879	
259	1.0	43.2683670389	
259	1.0	43.1969295688	
259	1.0	43.3020493132	
259	2.0	43.1766174235	
259	1.0	43.2418151189	
259	1.0	43.1884837063	
259	1.0	43.1982263243	
259	1.0	43.3014411076	
259	1.0	43.2595219477	
259	1.0	43.1341953286	
259	2.0	43.2156321098	
259	2.0	43.1395937556	
259	1.0	43.211846964	
259	2.0	43.1977480074	
259	2.0	43.200608203	
259	2.0	43.2299840787	
259	1.0	43.2540107428	
259	1.0	43.1989152753	
259	2.0	43.2196326504	
259	2.0	43.1686422994	
259	2.0	43.2330758012	
259	1.0	43.2404469218	
259	2.0	43.1757139636	
259	1.0	43.1940022936	
259	1.0	43.2274901079	
259	2.0	43.2414044369	
259	2.0	43.2390200091	
259	2.0	43.1561701105	
259	1.0	43.2112213879	
259	2.0	43.2805455775	
259	1.0	43.264204036	
259	2.0	43.2932377359	
259	2.0	43.1760919198	
259	2.0	43.251889623	
259	2.0	43.2194089506	
259	2.0	43.1852979037	
259	1.0	43.1501422148	
259	1.0	43.2766377509	
259	1.0	43.2401961675	
259	1.0	43.12529279	
259	2.0	43.1377148224	
259	1.0	43.3291327158	
259	2.0	43.2010874525	
259	2.0	43.2769817091	
259	2.0	43.2270322628	
259	1.0	43.2042880519	
259	1.0	43.2953027301	
259	1.0	43.2697514763	
259	1.0	43.1229673265	
259	2.0	43.1953795818	
259	1.0	43.240384917	
259	2.0	43.2120930098	
259	1.0	43.244807589	
259	1.0	43.2264680596	
259	1.0	43.2352986022	
259	1.0	43.1327140965	
259	2.0	43.197802333	
259	1.0	43.2456434536	
259	2.0	43.2481183501	
259	1.0	43.2500069154	
259	2.0	43.2966930294	
259	2.0	43.2450012321	
259	1.0	43.2513438279	
259	1.0	43.2711436107	
259	2.0	43.2524968613	
259	1.0	43.089848831	
259	1.0	43.2128637462	
259	1.0	43.2909507981	
259	1.0	43.2564543089	
259	2.0	43.2057247483	
259	1.0	43.2696542102	
259	1.0	43.095849288	
259	1.0	43.2750407752	
259	1.0	43.1685333592	
259	2.0	43.2352551732	
259	1.0	43.1670498295	
259	2.0	43.236532871	
259	2.0	43.2726570188	
259	2.0	43.1506891159	
259	2.0	43.1726154991	
259	1.0	43.1545384728	
259	1.0	43.269949442	
259	2.0	43.1482759397	
259	1.0	43.2616135069	
259	1.0	43.1966082561	
259	1.0	43.2916013887	
259	1.0	43.1834094124	
259	2.0	43.2369920326	
259	1.0	43.2350401099	
259	1.0	43.2042033816	
259	2.0	43.2193360879	
259	2.0	43.2966773037	
259	1.0	43.1339676416	
259	2.0	43.2410450628	
259	1.0	43.1819906023	
259	1.0	43.2480393722	
259	1.0	43.2305498903	
259	2.0	43.3063829878	
259	2.0	43.2647310586	
259	1.0	43.2382947406	
259	1.0	43.1771585759	
259	1.0	43.2872255289	
259	2.0	43.233529702	
259	1.0	43.2286554594	
259	2.0	43.2797220115	
259	1.0	43.2733673177	
259	1.0	43.2561450053	
259	2.0	43.2178576484	
259	2.0	43.2325746507	
259	2.0	43.1014654618	
259	1.0	43.2153906974	
259	1.0	43.1842851464	
259	1.0	43.2420190335	
259	2.0	43.1914713679	
259	2.0	43.2508387654	
259	1.0	43.2520540614	
259	2.0	43.2192201197	
259	2.0	43.225971719	
259	1.0	43.1505483214	
259	2.0	43.2227890941	
259	1.0	43.228206121	
259	2.0	43.2169031964	
259	1.0	43.267604294	
259	1.0	43.1926911082	
259	1.0	43.2286458202	
259	2.0	43.2220191885	
259	1.0	43.2259745289	
259	1.0	43.2252968192	
259	2.0	43.1740890891	
259	1.0	43.2673873194	
259	2.0	43.2254881175	
259	2.0	43.2028123132	
259	1.0	43.2483025566	
259	1.0	43.2296447535	
259	2.0	43.2408050892	
259	2.0	43.2039408087	
259	1.0	43.192944287	
259	2.0	43.2717237166	
259	2.0	43.2060960197	
259	1.0	43.2902239236	
259	1.0	43.2122559747	
259	2.0	43.2590955029	
259	1.0	43.25650716	
259	2.0	43.2115468928	
259	2.0	43.1713079633	
259	1.0	43.1486385269	
259	2.0	43.1749791893	
259	1.0	43.1535515675	
259	2.0	43.2078092171	
259	1.0	43.2140989257	
259	2.0	43.2639967407	
259	1.0	43.2229883161	
259	1.0	43.2654672149	
259	1.0	43.2632439153	
259	1.0	43.1944274581	
259	2.0	43.2289996232	
259	2.0	43.252050511	
259	2.0	43.2423630097	
259	1.0	43.1327943471	
259	1.0	43.2220202861	
259	1.0	43.2915218478	
259	1.0	43.2551247022	
259	2.0	43.2829188157	
259	1.0	43.1790778096	
259	2.0	43.1043093594	
259	1.0	43.2337817774	
259	2.0	43.2394937372	
259	2.0	43.300366814	
259	1.0	43.1570566122	
259	2.0	43.2302879738	
259	1.0	43.1597560319	
259	1.0	43.2681740385	
259	1.0	43.3047785802	
259	2.0	43.2369475186	
259	1.0	43.2906849447	
259	2.0	43.2732188365	
259	2.0	43.1678493424	
259	2.0	43.2694427517	
259	1.0	43.1928897586	
259	1.0	43.2635786757	
259	1.0	43.1988702301	
259	1.0	43.2049464408	
259	1.0	43.2366568522	
259	1.0	43.2181768278	
259	1.0	43.1386040071	
259	1.0	43.2030460955	
259	1.0	43.2368853541	
259	1.0	43.1028829778	
259	1.0	43.2927574857	
259	2.0	43.1621068931	
259	1.0	43.1581368873	
259	2.0	43.1482809867	
259	2.0	43.1555557527	
259	2.0	43.1669455427	
259	2.0	43.1243321426	
259	1.0	43.2180691733	
259	1.0	43.2334842597	
259	2.0	43.2407799286	
259	2.0	43.2743311338	
259	2.0	43.2450466407	
259	1.0	43.2668386076	
259	2.0	43.1717385791	
259	2.0	43.1888448494	
259	1.0	43.2320769936	
259	1.0	43.2281595601	
259	1.0	43.2604027924	
259	1.0	43.2876746316	
259	1.0	43.1411905922	
259	1.0	43.2917221276	
259	1.0	43.2405714668	
259	1.0	43.2187728676	
259	1.0	43.2306657844	
259	2.0	43.2873069791	
259	1.0	43.26668027	
259	2.0	43.2584770739	
259	1.0	43.2496511931	
259	1.0	43.2142708451	
259	2.0	43.1994296355	
259	1.0	43.2358720791	
259	2.0	43.140158207	
259	2.0	43.2360571614	
259	2.0	43.2015125815	
259	2.0	43.2397611126	
259	1.0	43.1412111718	
259	2.0	43.1964420018	
259	2.0	43.2455452515	
259	2.0	43.2189390026	
259	2.0	43.2368660206	
259	1.0	43.2013996627	
259	2.0	43.2118609705	
259	1.0	43.3355685461	
259	2.0	43.2029914057	
259	1.0	43.2647506315	
259	1.0	43.2472155572	
259	2.0	43.2882444022	
259	1.0	43.1816170172	
259	2.0	43.1345955676	
259	1.0	43.2768743738	
259	2.0	43.1925594	
259	2.0	43.2372632296	
259	2.0	43.193176692	
259	1.0	43.2972280381	
259	1.0	43.19846224	
259	2.0	43.2015720218	
259	1.0	43.2278664703	
259	2.0	43.1742524365	
259	1.0	43.1709411384	
259	2.0	43.2638477903	
259	1.0	43.113311984	
259	1.0	43.3133901003	
259	2.0	43.1745653715	
259	2.0	43.2503537747	
259	1.0	43.1747161569	
259	1.0	43.2562847826	
259	2.0	43.1935994683	
259	1.0	43.1882346703	
259	2.0	43.252827869	
259	1.0	43.0756177728	
259	2.0	43.1955985689	
259	2.0	43.1757603159	
259	1.0	43.2963268141	
259	1.0	43.1923571894	
259	2.0	43.2119713623	
259	1.0	43.2319155329	
259	1.0	43.1692721874	
259	1.0	43.1217730849	
259	1.0	43.1977688003	
