NUMBER_OF_SYNAPSES	APC_N	MAX_VOLTAGE	
128	0.0	-72.1352391113	
128	0.0	-72.3785086957	
128	0.0	-72.5593315362	
128	0.0	-71.3191713448	
128	0.0	-72.2386766224	
128	0.0	-71.5372833702	
128	0.0	-70.1671903795	
128	0.0	-71.5318833292	
128	0.0	-73.4208077201	
128	0.0	-73.0987744843	
128	0.0	-72.4971666429	
128	0.0	-71.3328364511	
128	0.0	-71.8176032365	
128	0.0	-73.3687792981	
128	0.0	-72.1930421971	
128	0.0	-71.5782852663	
128	0.0	-72.0213069907	
128	0.0	-71.9984942255	
128	0.0	-72.4964657172	
128	0.0	-73.103976719	
128	0.0	-70.8519060105	
128	0.0	-72.7819003861	
128	0.0	-71.8656153857	
128	0.0	-73.8881190305	
128	0.0	-71.080740883	
128	0.0	-72.7388487059	
128	0.0	-71.3867629098	
128	0.0	-72.2936453948	
128	0.0	-72.8188373198	
128	0.0	-70.7221540245	
128	0.0	-72.6560994768	
128	0.0	-73.5219189879	
128	0.0	-71.7190326214	
128	0.0	-70.9588408363	
128	0.0	-70.789554745	
128	0.0	-72.7905861294	
128	0.0	-73.4181935291	
128	0.0	-71.9377232427	
128	0.0	-72.2749434066	
128	0.0	-73.1521235193	
128	0.0	-72.7710666584	
128	0.0	-72.7413121279	
128	0.0	-73.4569964568	
128	0.0	-72.6700026257	
128	0.0	-72.476203564	
128	0.0	-71.3660879253	
128	0.0	-72.8672283875	
128	0.0	-73.6707336299	
128	0.0	-72.2692310036	
128	0.0	-73.2664553709	
128	0.0	-72.9825973186	
128	0.0	-72.0717296944	
128	0.0	-71.8618622587	
128	0.0	-71.4947354718	
128	0.0	-72.1584365105	
128	0.0	-70.4308829569	
128	0.0	-72.5646596564	
128	0.0	-72.3172622593	
128	0.0	-71.6435308482	
128	0.0	-73.3154584775	
128	0.0	-73.6189442385	
128	0.0	-72.0726776167	
128	0.0	-71.6855790779	
128	0.0	-72.5600484667	
128	0.0	-73.2247167249	
128	0.0	-71.8813635671	
128	0.0	-71.1242838236	
128	0.0	-72.4169974511	
128	0.0	-73.5342741477	
128	0.0	-72.5442871735	
128	0.0	-71.7581691727	
128	0.0	-72.4449390502	
128	0.0	-73.3215362193	
128	0.0	-72.1110974101	
128	0.0	-71.1242521537	
128	0.0	-73.0632602596	
128	0.0	-73.0391459281	
128	0.0	-71.3046142766	
128	0.0	-72.8402392944	
128	0.0	-73.185326381	
128	0.0	-71.9759504475	
128	0.0	-73.2283293292	
128	0.0	-73.1891407874	
128	0.0	-71.0849755308	
128	0.0	-71.4987703752	
128	0.0	-72.8222683598	
128	0.0	-74.2070843901	
128	0.0	-73.1452906742	
128	0.0	-71.2722403211	
128	0.0	-71.9655765729	
128	0.0	-72.2399952115	
128	0.0	-73.1595198067	
128	0.0	-73.5972658612	
128	0.0	-72.3887531149	
128	0.0	-74.6053082788	
128	0.0	-73.3269742049	
128	0.0	-71.6796971707	
128	0.0	-72.5592776157	
128	0.0	-72.7298108414	
128	0.0	-71.7782552657	
128	0.0	-73.2070070693	
128	0.0	-72.730928122	
128	0.0	-72.9326708965	
128	0.0	-72.4801843858	
128	0.0	-72.9791027374	
128	0.0	-73.6408202293	
128	0.0	-73.5292165429	
128	0.0	-72.9859001969	
128	0.0	-72.1439529847	
128	0.0	-72.2060376402	
128	0.0	-72.8444703934	
128	0.0	-71.9864503415	
128	0.0	-72.7101900045	
128	0.0	-73.5313288156	
128	0.0	-71.5898553596	
128	0.0	-72.8372523506	
128	0.0	-72.7027280088	
128	0.0	-71.5586844632	
128	0.0	-72.5295143736	
128	0.0	-72.6397036563	
128	0.0	-73.5730155565	
128	0.0	-73.2996023342	
128	0.0	-72.229187731	
128	0.0	-72.6106755688	
128	0.0	-73.0636392429	
128	0.0	-73.852679327	
128	0.0	-72.7956087195	
128	0.0	-73.0383828386	
128	0.0	-72.7801468062	
128	0.0	-72.0757622361	
128	0.0	-72.0399531373	
128	0.0	-71.7604084162	
128	0.0	-73.0405499913	
128	0.0	-72.1347828433	
128	0.0	-71.6479206337	
128	0.0	-73.7578485118	
128	0.0	-72.8931707142	
128	0.0	-72.5385321093	
128	0.0	-73.7690637441	
128	0.0	-72.3874192305	
128	0.0	-71.8987795429	
128	0.0	-72.378076087	
128	0.0	-71.6258592813	
128	0.0	-72.3554554196	
128	0.0	-72.4596517847	
128	0.0	-72.9442812147	
128	0.0	-72.7167322354	
128	0.0	-71.7483447772	
128	0.0	-72.7123340387	
128	0.0	-72.1353984231	
128	0.0	-70.4134996441	
128	0.0	-71.5358595393	
128	0.0	-72.3621205043	
128	0.0	-73.3147363083	
128	0.0	-71.6497151383	
128	0.0	-71.3636088051	
128	0.0	-72.7246055453	
128	0.0	-72.1535315418	
128	0.0	-71.8836181003	
128	0.0	-72.5227070125	
128	0.0	-72.8860480104	
128	0.0	-71.6360778371	
128	0.0	-71.7137762122	
128	0.0	-73.3347528564	
128	0.0	-72.2644082378	
128	0.0	-72.6922466624	
128	0.0	-72.3843370819	
128	0.0	-72.3865516641	
128	0.0	-73.0190985246	
128	0.0	-71.1281336707	
128	0.0	-72.6204307397	
128	0.0	-72.0831379585	
128	0.0	-72.0803814185	
128	0.0	-73.3164921392	
128	0.0	-72.2754236388	
128	0.0	-72.667511129	
128	0.0	-73.2337314564	
128	0.0	-73.2476432891	
128	0.0	-72.4795291117	
128	0.0	-72.2947491022	
128	0.0	-72.5948258449	
128	0.0	-73.5596579371	
128	0.0	-71.9496992252	
128	0.0	-71.5088878318	
128	0.0	-72.9590671526	
128	0.0	-71.9830455552	
128	0.0	-73.1700156606	
128	0.0	-71.5047073922	
128	0.0	-71.2502133611	
128	0.0	-71.8979855246	
128	0.0	-73.0011231424	
128	0.0	-72.225074899	
128	0.0	-72.7389139075	
128	0.0	-71.6372432224	
128	0.0	-72.5358821141	
128	0.0	-71.5781145008	
128	0.0	-72.772633008	
128	0.0	-72.9490473754	
128	0.0	-72.3338851817	
128	0.0	-72.5105559765	
128	0.0	-72.4269664937	
128	0.0	-72.9637057733	
128	0.0	-73.5106520064	
128	0.0	-72.9382780951	
128	0.0	-71.7659877372	
128	0.0	-73.5077140898	
128	0.0	-71.9149911036	
128	0.0	-71.5923309194	
128	0.0	-72.044499259	
128	0.0	-72.2428174651	
128	0.0	-73.1145055213	
128	0.0	-73.9454055817	
128	0.0	-71.7994001533	
128	0.0	-72.7294838162	
128	0.0	-72.9210632203	
128	0.0	-71.7985489094	
128	0.0	-73.4455531526	
128	0.0	-71.520764032	
128	0.0	-71.5064612447	
128	0.0	-72.5334967703	
128	0.0	-73.9109909435	
128	0.0	-70.1400784868	
128	0.0	-73.481427946	
128	0.0	-73.5436242878	
128	0.0	-72.8354889879	
128	0.0	-71.3241665046	
128	0.0	-72.4277213501	
128	0.0	-73.2915674942	
128	0.0	-70.6536926167	
128	0.0	-72.9467105754	
128	0.0	-72.8609805907	
128	0.0	-70.930911993	
128	0.0	-72.6344502979	
128	0.0	-71.8874036198	
128	0.0	-72.6732656388	
128	0.0	-73.2791963625	
128	0.0	-72.8017729826	
128	0.0	-73.0219040034	
128	0.0	-72.5684893905	
128	0.0	-72.586495438	
128	0.0	-74.202014144	
128	0.0	-71.7474628091	
128	0.0	-72.8764357405	
128	0.0	-72.7574471609	
128	0.0	-73.1084919601	
128	0.0	-71.4199696653	
128	0.0	-73.1357682883	
128	0.0	-72.8887484882	
128	0.0	-72.6531033946	
128	0.0	-72.3531234817	
128	0.0	-71.9885262457	
128	0.0	-73.8127720775	
128	0.0	-71.9672353389	
128	0.0	-73.1801686504	
128	0.0	-71.8514283026	
128	0.0	-73.1073910144	
128	0.0	-72.3084342129	
128	0.0	-72.7244425328	
128	0.0	-72.0183823004	
128	0.0	-72.1949022676	
128	0.0	-72.5840694408	
128	0.0	-72.306556783	
128	0.0	-73.1078830473	
128	0.0	-73.9576240414	
128	0.0	-72.2816610942	
128	0.0	-71.9944820738	
128	0.0	-71.8023307228	
128	0.0	-72.6816904567	
128	0.0	-71.9290297292	
128	0.0	-72.6731529399	
128	0.0	-71.6127202513	
128	0.0	-71.8476560605	
128	0.0	-71.4754367354	
128	0.0	-75.2338594453	
128	0.0	-72.804578014	
128	0.0	-73.4861181818	
128	0.0	-72.1553415735	
128	0.0	-73.0228470036	
128	0.0	-70.5082270689	
128	0.0	-73.3343905854	
128	0.0	-72.5147378571	
128	0.0	-72.0711141791	
128	0.0	-73.3919990047	
128	0.0	-72.3081505843	
128	0.0	-72.241045724	
128	0.0	-71.8530563207	
128	0.0	-71.3204659398	
128	0.0	-73.3970312903	
128	0.0	-72.4763371858	
128	0.0	-70.6649299157	
128	0.0	-73.3269320435	
128	0.0	-72.3222134361	
128	0.0	-72.1694577528	
128	0.0	-73.2469397325	
128	0.0	-73.1644726765	
128	0.0	-71.4902349118	
128	0.0	-71.8827993465	
128	0.0	-72.4041264233	
128	0.0	-71.4606445577	
128	0.0	-72.9613388494	
128	0.0	-72.3493480977	
128	0.0	-72.6427751158	
128	0.0	-71.7206851502	
128	0.0	-72.7569432419	
128	0.0	-72.5067779077	
128	0.0	-72.4229616225	
128	0.0	-71.9932637225	
128	0.0	-70.6149562298	
128	0.0	-73.0210880779	
128	0.0	-72.7617374855	
128	0.0	-71.3507743525	
128	0.0	-71.7785540698	
128	0.0	-71.720911079	
128	0.0	-72.0749032223	
128	0.0	-73.1515563278	
128	0.0	-71.4818291932	
128	0.0	-71.7839920353	
128	0.0	-72.1255112247	
128	0.0	-72.6717220492	
128	0.0	-70.5819124342	
128	0.0	-72.3563248616	
128	0.0	-71.436861164	
128	0.0	-72.9383390771	
128	0.0	-72.6310754776	
128	0.0	-72.7616034671	
128	0.0	-73.0856747042	
128	0.0	-71.8737692109	
128	0.0	-74.0505069218	
128	0.0	-70.8233541291	
128	0.0	-71.5970550953	
128	0.0	-73.2780649392	
128	0.0	-72.3116946029	
128	0.0	-72.5095296146	
128	0.0	-71.9061526499	
128	0.0	-73.231845405	
128	0.0	-71.8468948365	
128	0.0	-72.5132586953	
128	0.0	-70.4239217679	
128	0.0	-72.4530303853	
128	0.0	-72.7885415907	
128	0.0	-71.6869871266	
128	0.0	-72.1831988829	
128	0.0	-71.7458289808	
128	0.0	-71.6093650348	
128	0.0	-72.1915560585	
128	0.0	-73.5589071505	
128	0.0	-73.0154383746	
128	0.0	-72.8763624969	
128	0.0	-73.7170741367	
128	0.0	-72.7021581493	
128	0.0	-71.7438846007	
128	0.0	-72.8167758217	
128	0.0	-73.1024398718	
128	0.0	-72.3011513508	
128	0.0	-71.1246576913	
128	0.0	-73.56167611	
128	0.0	-71.7249739887	
128	0.0	-72.4229998347	
128	0.0	-72.5592906233	
128	0.0	-70.8549041894	
128	0.0	-73.5393096385	
128	0.0	-72.0116670703	
128	0.0	-72.8153697395	
128	0.0	-72.966913823	
128	0.0	-73.6055549804	
128	0.0	-71.6357005841	
128	0.0	-72.7087498973	
128	0.0	-71.7676730582	
128	0.0	-72.5767256589	
128	0.0	-72.0346282497	
128	0.0	-71.4517190964	
128	0.0	-72.0771451075	
128	0.0	-72.765867771	
128	0.0	-72.8663332075	
128	0.0	-72.9590123949	
128	0.0	-71.8903481878	
128	0.0	-72.8518137422	
128	0.0	-73.4846278766	
128	0.0	-71.8684054744	
128	0.0	-72.4044296384	
128	0.0	-72.5898554584	
128	0.0	-72.2709191918	
128	0.0	-71.8517864734	
128	0.0	-71.1125825411	
128	0.0	-72.9130778685	
128	0.0	-73.3025103665	
128	0.0	-71.8819348466	
128	0.0	-71.415352175	
128	0.0	-72.420957147	
128	0.0	-72.2395037965	
128	0.0	-71.9024205323	
128	0.0	-71.871159107	
128	0.0	-72.1764639558	
128	0.0	-73.0504040295	
128	0.0	-71.8071263891	
128	0.0	-73.0786159943	
128	0.0	-71.3903630142	
128	0.0	-71.9315998324	
128	0.0	-72.5996097798	
128	0.0	-73.8917613806	
128	0.0	-72.556159825	
128	0.0	-71.8004221333	
128	0.0	-72.8854058984	
128	0.0	-72.0764051365	
128	0.0	-72.6841381209	
128	0.0	-71.8810774129	
128	0.0	-74.0069689942	
128	0.0	-72.7024790908	
128	0.0	-72.2582655091	
128	0.0	-72.1091710283	
128	0.0	-71.7357640156	
128	0.0	-72.6952816363	
128	0.0	-72.4340816779	
128	0.0	-71.9297221746	
128	0.0	-74.5721880378	
128	0.0	-73.0166114208	
128	0.0	-72.2869598881	
128	0.0	-71.9457180124	
128	0.0	-71.7055130865	
128	0.0	-73.3603024589	
128	0.0	-71.2641809045	
128	0.0	-72.0766820676	
128	0.0	-70.8396727	
128	0.0	-71.6517391222	
128	0.0	-72.8487512315	
128	0.0	-72.5041703834	
128	0.0	-73.0351465036	
128	0.0	-71.0818150628	
128	0.0	-72.5025095727	
128	0.0	-71.541136751	
128	0.0	-72.5856546594	
128	0.0	-71.7238753745	
128	0.0	-72.2004786521	
128	0.0	-73.0015281849	
128	0.0	-71.5896611658	
128	0.0	-72.994161789	
128	0.0	-73.2941188967	
128	0.0	-71.9128687772	
128	0.0	-72.5324665561	
128	0.0	-71.6730098301	
128	0.0	-71.0255999188	
128	0.0	-72.296062621	
128	0.0	-72.4472696067	
128	0.0	-72.2111737933	
128	0.0	-73.3254378816	
128	0.0	-72.7109649022	
128	0.0	-72.4617083201	
128	0.0	-71.6070554236	
128	0.0	-72.5461846042	
128	0.0	-71.9951381264	
128	0.0	-73.4125569999	
128	0.0	-71.358618076	
128	0.0	-72.5455627558	
128	0.0	-71.741355481	
128	0.0	-72.6035737228	
128	0.0	-72.5361878946	
128	0.0	-71.7372512857	
128	0.0	-71.6947981151	
128	0.0	-71.7670294098	
128	0.0	-72.5281713148	
128	0.0	-73.8581495318	
128	0.0	-73.6429488641	
128	0.0	-72.1275426061	
128	0.0	-72.7545138944	
128	0.0	-73.0937441336	
128	0.0	-72.1986223265	
128	0.0	-72.9014309039	
128	0.0	-71.4890826353	
128	0.0	-73.4327473573	
128	0.0	-72.1028688505	
128	0.0	-72.4554347279	
128	0.0	-70.7916683831	
128	0.0	-71.6197546129	
128	0.0	-71.4178016189	
128	0.0	-73.2621876636	
128	0.0	-71.5728601057	
128	0.0	-73.0184212733	
128	0.0	-72.2983171897	
128	0.0	-72.7989623916	
128	0.0	-72.7242972564	
128	0.0	-72.1367266811	
128	0.0	-71.8228315058	
128	0.0	-71.800105174	
128	0.0	-70.7166694387	
128	0.0	-72.4267223922	
128	0.0	-73.9617870201	
128	0.0	-73.6414158659	
128	0.0	-72.2864175148	
128	0.0	-73.9472174721	
128	0.0	-73.90581086	
128	0.0	-71.4078918287	
128	0.0	-71.9479340254	
128	0.0	-71.7004971417	
128	0.0	-73.7255387524	
128	0.0	-72.3486695554	
128	0.0	-72.5875029475	
128	0.0	-71.9330607371	
128	0.0	-71.3662263124	
128	0.0	-72.4092320583	
128	0.0	-72.3201764351	
128	0.0	-71.9979805208	
128	0.0	-70.775308532	
128	0.0	-71.9097442315	
128	0.0	-72.2623505988	
128	0.0	-73.0624475157	
128	0.0	-72.2966698066	
128	0.0	-71.3157516774	
128	0.0	-73.067400522	
128	0.0	-72.0522180333	
128	0.0	-71.8764775093	
128	0.0	-72.6781973953	
128	0.0	-70.7884871839	
128	0.0	-72.468375807	
128	0.0	-72.6658311009	
128	0.0	-73.0056593804	
128	0.0	-73.0482216661	
128	0.0	-71.5477134229	
128	0.0	-72.8047248274	
128	0.0	-72.3309825186	
128	0.0	-71.6358833416	
128	0.0	-70.7345161015	
128	0.0	-72.6937521239	
128	0.0	-72.72558776	
128	0.0	-72.7529884071	
128	0.0	-72.0261162954	
128	0.0	-73.6064471042	
128	0.0	-72.4661562988	
128	0.0	-72.8592617349	
128	0.0	-72.6494826224	
128	0.0	-71.350805627	
128	0.0	-73.1499519475	
128	0.0	-71.9054655041	
128	0.0	-72.7625187275	
128	0.0	-73.3785590461	
128	0.0	-72.1709067369	
128	0.0	-72.6200344461	
128	0.0	-73.4449980283	
128	0.0	-70.498355417	
128	0.0	-73.6551531835	
128	0.0	-72.9543105111	
128	0.0	-74.5819855277	
128	0.0	-71.4057982085	
128	0.0	-72.5791102504	
128	0.0	-73.0681732485	
128	0.0	-71.7720748106	
128	0.0	-71.4403057744	
128	0.0	-71.5940420834	
128	0.0	-71.8797163753	
128	0.0	-71.343304509	
128	0.0	-72.6695624163	
128	0.0	-73.341748405	
128	0.0	-73.2100709388	
128	0.0	-71.9694601343	
128	0.0	-73.0139324777	
128	0.0	-72.7924902228	
128	0.0	-73.8668178756	
128	0.0	-71.3548816043	
128	0.0	-72.703686808	
128	0.0	-72.3365989313	
128	0.0	-73.5081631268	
128	0.0	-72.5576331558	
128	0.0	-70.9546457431	
128	0.0	-72.2296840164	
128	0.0	-72.5977948152	
128	0.0	-72.2800470867	
128	0.0	-72.4738725876	
128	0.0	-72.4636707125	
128	0.0	-72.2241874518	
128	0.0	-69.6380544748	
128	0.0	-73.0165067822	
128	0.0	-71.7205762248	
128	0.0	-71.2310420635	
128	0.0	-72.4592206195	
128	0.0	-71.6633925803	
128	0.0	-72.6511176091	
128	0.0	-72.6877282855	
128	0.0	-71.4924462114	
128	0.0	-72.1812377614	
128	0.0	-73.0332554262	
128	0.0	-72.9191136932	
128	0.0	-73.440754343	
128	0.0	-72.3079387698	
128	0.0	-72.8453522472	
128	0.0	-72.8696736841	
128	0.0	-72.0209152726	
128	0.0	-73.3670158118	
128	0.0	-70.3791300053	
128	0.0	-72.8857091581	
128	0.0	-72.0215573366	
128	0.0	-73.5457413535	
128	0.0	-72.5151402108	
128	0.0	-72.9874623707	
128	0.0	-72.8270111157	
128	0.0	-72.4807566624	
128	0.0	-72.6322195612	
128	0.0	-72.3986047242	
128	0.0	-71.9507287572	
128	0.0	-71.4274953214	
128	0.0	-71.2319672903	
128	0.0	-70.5600837078	
128	0.0	-72.4791916165	
128	0.0	-72.4336404676	
128	0.0	-73.4701101704	
128	0.0	-71.4652180201	
128	0.0	-72.3958004324	
128	0.0	-72.4267068016	
128	0.0	-73.0207112702	
128	0.0	-72.9723492805	
128	0.0	-72.7391794034	
128	0.0	-72.7004751401	
128	0.0	-71.9601267712	
128	0.0	-72.1337183907	
128	0.0	-72.5659964661	
128	0.0	-73.2499312297	
128	0.0	-72.6349155057	
128	0.0	-72.3290418684	
128	0.0	-71.2413057527	
128	0.0	-71.9423150841	
128	0.0	-71.8041282849	
128	0.0	-72.8087564939	
128	0.0	-72.5307787396	
128	0.0	-72.1836714055	
128	0.0	-71.8403486163	
128	0.0	-72.6584338447	
128	0.0	-72.2767948102	
128	0.0	-72.526850058	
128	0.0	-72.8075199112	
128	0.0	-72.322475186	
128	0.0	-70.7167505521	
128	0.0	-72.0498466683	
128	0.0	-71.695698818	
128	0.0	-73.9102622038	
128	0.0	-71.1378792612	
128	0.0	-72.8576237022	
128	0.0	-72.5568795742	
128	0.0	-71.5135422722	
128	0.0	-72.7759020186	
128	0.0	-71.957519063	
128	0.0	-73.1625673561	
128	0.0	-73.3310763333	
128	0.0	-72.0996238984	
128	0.0	-72.6144792987	
128	0.0	-73.1224011879	
128	0.0	-72.5143357643	
128	0.0	-72.1535108004	
128	0.0	-72.8372243692	
128	0.0	-71.8039100924	
128	0.0	-73.168376338	
128	0.0	-73.2888804409	
128	0.0	-71.7371227922	
128	0.0	-72.9136314486	
128	0.0	-71.8793059549	
128	0.0	-72.419337741	
128	0.0	-72.1461842712	
128	0.0	-73.4920882056	
128	0.0	-72.9020718939	
128	0.0	-73.3087448561	
128	0.0	-73.2642139543	
128	0.0	-70.6409935429	
128	0.0	-71.3382769954	
128	0.0	-73.0700649723	
128	0.0	-71.2133601236	
128	0.0	-73.5847242567	
128	0.0	-72.376195444	
128	0.0	-72.9748147468	
128	0.0	-71.4381465817	
128	0.0	-73.4474305984	
128	0.0	-72.999698762	
128	0.0	-72.834493919	
128	0.0	-73.2459386065	
128	0.0	-72.7723959955	
128	0.0	-72.7054349422	
128	0.0	-71.9397873403	
128	0.0	-72.9221216117	
128	0.0	-71.8496959678	
128	0.0	-72.2771110007	
128	0.0	-71.9727025645	
128	0.0	-72.3465766839	
128	0.0	-72.655787212	
128	0.0	-71.9844113462	
128	0.0	-71.8651558042	
128	0.0	-73.9385306958	
128	0.0	-71.8891286196	
128	0.0	-73.4245323693	
128	0.0	-72.2391444452	
128	0.0	-72.6863641456	
128	0.0	-72.4680752505	
128	0.0	-72.839690466	
128	0.0	-73.5122026507	
128	0.0	-73.8960694524	
128	0.0	-71.8899238319	
128	0.0	-71.7861313073	
128	0.0	-72.3118490838	
128	0.0	-72.2228043545	
128	0.0	-71.9840189906	
128	0.0	-72.6577130793	
128	0.0	-73.5732119318	
128	0.0	-71.8104156545	
128	0.0	-72.5929666528	
128	0.0	-71.5936119581	
128	0.0	-73.9176383062	
128	0.0	-71.9445567426	
128	0.0	-71.5858258597	
128	0.0	-71.3440697779	
128	0.0	-72.5761901486	
128	0.0	-72.2755079508	
128	0.0	-71.0049364178	
128	0.0	-71.8992380727	
128	0.0	-71.7898072138	
128	0.0	-73.8889271266	
128	0.0	-71.4267347058	
128	0.0	-73.6831196504	
128	0.0	-71.7973202338	
128	0.0	-72.7057174434	
128	0.0	-72.4522249639	
128	0.0	-71.2146163637	
128	0.0	-72.2940150424	
128	0.0	-73.079521477	
128	0.0	-71.302443904	
128	0.0	-73.0834540099	
128	0.0	-72.4031887593	
128	0.0	-72.0042311218	
128	0.0	-71.7472649776	
128	0.0	-72.9224181067	
128	0.0	-72.5020050581	
128	0.0	-72.193007983	
128	0.0	-72.2808877479	
128	0.0	-72.2868408376	
128	0.0	-72.3126606275	
128	0.0	-72.1014586717	
128	0.0	-72.2426542753	
128	0.0	-72.8024094759	
128	0.0	-71.0374208743	
128	0.0	-73.7316937727	
128	0.0	-72.5568144871	
128	0.0	-72.8191890045	
128	0.0	-72.8304296264	
128	0.0	-72.9116001606	
128	0.0	-72.9207893723	
128	0.0	-72.0177947959	
128	0.0	-73.5268817768	
128	0.0	-71.8700499087	
128	0.0	-72.1443202741	
128	0.0	-71.3174620341	
128	0.0	-72.5268314261	
128	0.0	-72.595713758	
128	0.0	-71.779288572	
128	0.0	-72.7900600097	
128	0.0	-73.1971421568	
128	0.0	-71.5366314537	
128	0.0	-72.3661355722	
128	0.0	-72.5725369026	
128	0.0	-70.8443016716	
128	0.0	-72.8974573699	
128	0.0	-72.8798525047	
128	0.0	-72.4236749796	
128	0.0	-72.1961236245	
128	0.0	-73.6413998404	
128	0.0	-72.4760584795	
128	0.0	-71.9847006114	
128	0.0	-73.1790071233	
128	0.0	-71.9978528753	
128	0.0	-71.5483947863	
128	0.0	-71.5138546042	
128	0.0	-72.8099425032	
128	0.0	-73.5227917737	
128	0.0	-72.8203023608	
128	0.0	-73.4282512335	
128	0.0	-72.461163618	
128	0.0	-71.0492708517	
128	0.0	-71.8471986204	
128	0.0	-72.060056551	
128	0.0	-71.9541732872	
128	0.0	-71.7744014431	
128	0.0	-71.9850875614	
128	0.0	-71.5833455264	
128	0.0	-73.4125325586	
128	0.0	-72.3931268742	
128	0.0	-72.817027533	
128	0.0	-71.7616377754	
128	0.0	-73.3693669526	
128	0.0	-72.1392647133	
128	0.0	-72.6692635076	
128	0.0	-72.5392302177	
128	0.0	-72.7910351955	
128	0.0	-71.7058000044	
128	0.0	-72.7651130249	
128	0.0	-71.0295133981	
128	0.0	-73.6539800844	
128	0.0	-73.699117132	
128	0.0	-71.0194774752	
128	0.0	-72.5985855108	
128	0.0	-72.7747998818	
128	0.0	-71.5524776117	
128	0.0	-72.560868263	
128	0.0	-71.5679362077	
128	0.0	-72.1105656515	
128	0.0	-71.9347373256	
128	0.0	-72.1034228288	
128	0.0	-73.2895162962	
128	0.0	-72.765821264	
128	0.0	-72.2154875127	
128	0.0	-72.060084617	
128	0.0	-71.6718726132	
128	0.0	-72.1517939056	
128	0.0	-73.0007651707	
128	0.0	-73.1663395658	
128	0.0	-73.2948171809	
128	0.0	-72.284197584	
128	0.0	-73.0930178363	
128	0.0	-72.1535619815	
128	0.0	-73.6250630998	
128	0.0	-72.1812520922	
128	0.0	-73.523781807	
128	0.0	-72.4032499446	
128	0.0	-72.1741069707	
128	0.0	-73.0372745715	
128	0.0	-72.9206364182	
128	0.0	-71.8893920947	
128	0.0	-72.4884496449	
128	0.0	-72.684206649	
128	0.0	-72.1316819348	
128	0.0	-72.216089632	
128	0.0	-71.9473409218	
128	0.0	-72.0172012673	
128	0.0	-73.1627359399	
128	0.0	-72.1675369757	
128	0.0	-72.2138094463	
128	0.0	-72.8583909718	
128	0.0	-72.9350085734	
128	0.0	-72.3419313557	
128	0.0	-71.123012344	
128	0.0	-73.2625082309	
128	0.0	-73.3586285845	
128	0.0	-72.1205971899	
128	0.0	-72.4487460074	
128	0.0	-72.729431386	
128	0.0	-73.1260041756	
128	0.0	-71.8494188026	
128	0.0	-72.8358424299	
128	0.0	-73.3298069937	
128	0.0	-72.8294434205	
128	0.0	-71.9631008729	
128	0.0	-72.0755529565	
128	0.0	-71.5956814034	
128	0.0	-72.5377281692	
128	0.0	-70.7111808295	
128	0.0	-73.4463226225	
128	0.0	-72.5124652509	
128	0.0	-70.8857644407	
128	0.0	-71.9490803713	
128	0.0	-71.7826385705	
128	0.0	-72.4601169269	
128	0.0	-72.6074879896	
128	0.0	-71.4599539033	
128	0.0	-71.7280357049	
128	0.0	-72.8790460575	
128	0.0	-72.1915444006	
128	0.0	-72.2925594384	
128	0.0	-71.8014784627	
128	0.0	-71.7635565154	
128	0.0	-72.3156472428	
128	0.0	-72.1828530229	
128	0.0	-71.9582498492	
128	0.0	-72.4629334724	
128	0.0	-73.5433006232	
128	0.0	-71.160548461	
128	0.0	-72.0015617631	
128	0.0	-72.6360104509	
128	0.0	-73.550963384	
128	0.0	-71.9801251295	
128	0.0	-72.865444546	
128	0.0	-72.136018822	
128	0.0	-72.3050293196	
128	0.0	-72.8506743961	
128	0.0	-71.4094398214	
128	0.0	-73.0648359998	
128	0.0	-71.5873809433	
128	0.0	-71.8832163655	
128	0.0	-72.6925033874	
128	0.0	-71.9528590891	
128	0.0	-72.3948414759	
128	0.0	-72.2960233039	
128	0.0	-71.13104171	
128	0.0	-72.1752800188	
128	0.0	-72.1887138545	
128	0.0	-72.1197681885	
128	0.0	-72.9948913628	
128	0.0	-71.2933258105	
128	0.0	-72.0619924075	
128	0.0	-71.8444829818	
128	0.0	-71.3639402497	
128	0.0	-72.4082206453	
128	0.0	-72.0854692917	
128	0.0	-73.4707553587	
128	0.0	-73.0380224315	
128	0.0	-72.7716790198	
128	0.0	-72.1662621917	
128	0.0	-72.747340768	
128	0.0	-72.7008581818	
128	0.0	-72.2669035869	
128	0.0	-71.8009211747	
128	0.0	-72.7971880633	
128	0.0	-70.4431564623	
128	0.0	-73.221852924	
128	0.0	-72.5091464272	
128	0.0	-73.3755580379	
128	0.0	-72.0137283346	
128	0.0	-72.3536057487	
128	0.0	-72.5118419576	
128	0.0	-71.7414094799	
128	0.0	-71.7776327549	
128	0.0	-72.6730998011	
128	0.0	-72.101674558	
128	0.0	-71.6275353072	
128	0.0	-71.3391327846	
128	0.0	-73.2878327418	
128	0.0	-73.2177389075	
128	0.0	-72.2083587446	
128	0.0	-73.1332688258	
128	0.0	-72.4229732737	
128	0.0	-72.4898449936	
128	0.0	-72.2361137932	
128	0.0	-72.4452360617	
128	0.0	-72.4302143646	
128	0.0	-72.1042929222	
128	0.0	-70.1470799785	
128	0.0	-71.717353814	
128	0.0	-72.8324160426	
128	0.0	-72.4765435741	
128	0.0	-71.9681465238	
128	0.0	-73.1751375888	
128	0.0	-72.1072428809	
128	0.0	-73.1536536623	
128	0.0	-73.0327342477	
128	0.0	-71.7764979024	
128	0.0	-72.1375222501	
128	0.0	-72.8450596898	
128	0.0	-72.4312266264	
128	0.0	-72.2595680704	
128	0.0	-72.5525847052	
128	0.0	-72.0497516007	
128	0.0	-72.0827455041	
128	0.0	-72.0313569418	
128	0.0	-73.1569544486	
128	0.0	-72.1398651757	
128	0.0	-71.5066345933	
128	0.0	-71.6100083762	
128	0.0	-72.2358765435	
128	0.0	-73.1714147268	
128	0.0	-72.6457477221	
128	0.0	-71.9079891788	
128	0.0	-72.128910867	
128	0.0	-71.3503637011	
128	0.0	-71.2203997933	
128	0.0	-72.1420842591	
128	0.0	-72.4579456351	
128	0.0	-72.435658158	
128	0.0	-73.3976478799	
128	0.0	-72.6903715699	
128	0.0	-71.3641534604	
128	0.0	-72.7706113707	
128	0.0	-73.1032130215	
128	0.0	-73.0930811177	
128	0.0	-71.4613672454	
128	0.0	-72.0947118632	
128	0.0	-70.7041130855	
128	0.0	-74.1501157367	
128	0.0	-72.800771609	
128	0.0	-71.8935282777	
128	0.0	-71.9863694027	
128	0.0	-72.2700406789	
128	0.0	-72.2610802004	
128	0.0	-72.9354369309	
128	0.0	-72.6514643255	
128	0.0	-72.2604393538	
128	0.0	-71.4890342595	
128	0.0	-70.3833832589	
128	0.0	-72.3213259608	
128	0.0	-70.9693048685	
128	0.0	-72.2184610466	
128	0.0	-72.2213338434	
128	0.0	-71.8045382801	
128	0.0	-72.4894420505	
128	0.0	-72.6783160541	
128	0.0	-72.4504067448	
128	0.0	-72.6110279839	
128	0.0	-72.1986033106	
128	0.0	-72.4992483074	
128	0.0	-73.3533063274	
128	0.0	-72.5096592299	
128	0.0	-71.0265065492	
128	0.0	-72.616558269	
128	0.0	-72.2950826967	
128	0.0	-72.5547689404	
128	0.0	-71.942364868	
128	0.0	-71.7223176612	
128	0.0	-73.4199625649	
128	0.0	-71.4942915454	
128	0.0	-71.6070312226	
