label:v(.5)
6454 2
0	-86.017
0.02	-86.004
0.04	-86.022
0.06	-86.022
0.08	-86.022
0.1	-86.039
0.12	-86
0.14	-86.009
0.16	-86.022
0.18	-86.065
0.2	-86.052
0.22	-86.044
0.24	-86.017
0.26	-86.03
0.28	-86.022
0.3	-86.013
0.32	-86.026
0.34	-86.026
0.36	-86.017
0.38	-86.044
0.4	-86.03
0.42	-86.013
0.44	-85.987
0.46	-86.009
0.48	-86.022
0.5	-86
0.52	-85.965
0.54	-85.978
0.56	-86.009
0.58	-86.004
0.6	-86.004
0.62	-85.965
0.64	-86.009
0.66	-86.039
0.68	-86.026
0.7	-86.013
0.72	-86.035
0.74	-86.035
0.76	-86.07
0.78	-86.052
0.8	-85.978
0.82	-85.978
0.84	-86.022
0.86	-86.061
0.88	-86.039
0.9	-86.004
0.92	-85.948
0.94	-85.965
0.96	-86.009
0.98	-86
1	-86.026
1.02	-86.026
1.04	-86.026
1.06	-86.013
1.08	-86.009
1.1	-86.004
1.12	-86.039
1.14	-86.009
1.16	-86.03
1.18	-86.004
1.2	-86.057
1.22	-86.022
1.24	-85.996
1.26	-85.996
1.28	-86.004
1.3	-86.017
1.32	-86.017
1.34	-86.03
1.36	-86.044
1.38	-86.039
1.4	-86.004
1.42	-86.026
1.44	-85.982
1.46	-86.026
1.48	-86.065
1.5	-86.035
1.52	-85.996
1.54	-86.026
1.56	-86.017
1.58	-86
1.6	-85.996
1.62	-86.022
1.64	-86.017
1.66	-86.013
1.68	-85.996
1.7	-85.991
1.72	-86.026
1.74	-86.035
1.76	-86.039
1.78	-86.057
1.8	-86.052
1.82	-86.017
1.84	-86
1.86	-85.978
1.88	-86.026
1.9	-86.035
1.92	-86
1.94	-86.026
1.96	-86.022
1.98	-86.004
2	-86.013
2.02	-86.03
2.04	-86.03
2.06	-86.035
2.08	-86.026
2.1	-86.057
2.12	-86.026
2.14	-86.017
2.16	-85.996
2.18	-85.978
2.2	-85.987
2.22	-85.982
2.24	-85.996
2.26	-86.026
2.28	-86.03
2.3	-86.022
2.32	-86.017
2.34	-85.987
2.36	-85.982
2.38	-85.982
2.4	-86.013
2.42	-86.017
2.44	-86.004
2.46	-86.017
2.48	-86.013
2.5	-86.009
2.52	-86.057
2.54	-86.052
2.56	-86.013
2.58	-85.987
2.6	-85.978
2.62	-86.004
2.64	-86.004
2.66	-86.035
2.68	-86.035
2.7	-85.987
2.72	-85.965
2.74	-85.991
2.76	-86.004
2.78	-86
2.8	-86.009
2.82	-86.017
2.84	-86.017
2.86	-86.004
2.88	-86
2.9	-85.987
2.92	-85.996
2.94	-86.026
2.96	-86.048
2.98	-86.035
3	-86.044
3.02	-86.022
3.04	-86.004
3.06	-85.982
3.08	-85.996
3.1	-86.013
3.12	-86.044
3.14	-86.013
3.16	-85.961
3.18	-86
3.2	-85.996
3.22	-86.035
3.24	-86.039
3.26	-86.022
3.28	-86.026
3.3	-86.013
3.32	-86.039
3.34	-86.026
3.36	-86.004
3.38	-86
3.4	-86.03
3.42	-85.996
3.44	-86
3.46	-86.009
3.48	-86.013
3.5	-86.026
3.52	-85.982
3.54	-86.017
3.56	-86.013
3.58	-85.996
3.6	-85.987
3.62	-85.996
3.64	-86.026
3.66	-86.017
3.68	-85.996
3.7	-85.991
3.72	-86.017
3.74	-86.03
3.76	-86.013
3.78	-85.982
3.8	-85.987
3.82	-85.996
3.84	-86.009
3.86	-86.026
3.88	-85.996
3.9	-86.017
3.92	-86.017
3.94	-86.03
3.96	-86.03
3.98	-85.974
4	-85.996
4.02	-86.026
4.04	-86
4.06	-85.987
4.08	-86.009
4.1	-86
4.12	-85.982
4.14	-86.03
4.16	-85.978
4.18	-85.982
4.2	-85.965
4.22	-85.956
4.24	-85.982
4.26	-85.996
4.28	-85.974
4.3	-85.978
4.32	-86.017
4.34	-86
4.36	-86.022
4.38	-86.009
4.4	-85.952
4.42	-85.974
4.44	-86
4.46	-85.991
4.48	-85.982
4.5	-85.987
4.52	-86.004
4.54	-85.965
4.56	-85.978
4.58	-86.004
4.6	-85.974
4.62	-86.004
4.64	-86.017
4.66	-86.009
4.68	-85.996
4.7	-85.961
4.72	-85.965
4.74	-85.974
4.76	-85.948
4.78	-85.982
4.8	-85.982
4.82	-86
4.84	-85.991
4.86	-85.965
4.88	-85.974
4.9	-86.004
4.92	-85.987
4.94	-85.969
4.96	-85.978
4.98	-85.996
5	-85.982
5.02	-85.93
5.04	-85.961
5.06	-85.974
5.08	-85.969
5.1	-85.961
5.12	-85.987
5.14	-86
5.16	-85.991
5.18	-85.956
5.2	-86
5.22	-86.026
5.24	-85.982
5.26	-85.961
5.28	-85.991
5.3	-86.004
5.32	-85.965
5.34	-85.956
5.36	-85.996
5.38	-86.009
5.4	-86.009
5.42	-86.009
5.44	-85.996
5.46	-85.961
5.48	-85.987
5.5	-86.022
5.52	-85.991
5.54	-85.948
5.56	-85.952
5.58	-85.987
5.6	-86.017
5.62	-85.978
5.64	-85.961
5.66	-85.978
5.68	-85.948
5.7	-85.961
5.72	-85.952
5.74	-85.948
5.76	-85.991
5.78	-86.009
5.8	-85.987
5.82	-85.961
5.84	-85.93
5.86	-85.93
5.88	-86
5.9	-85.991
5.92	-85.991
5.94	-85.991
5.96	-85.996
5.98	-85.952
6	-85.943
6.02	-85.982
6.04	-86
6.06	-86
6.08	-85.969
6.1	-85.978
6.12	-85.974
6.14	-85.978
6.16	-86
6.18	-86.004
6.2	-86
6.22	-85.991
6.24	-86.026
6.26	-86.004
6.28	-85.969
6.3	-86
6.32	-85.996
6.34	-85.991
6.36	-86
6.38	-85.978
6.4	-85.982
6.42	-86
6.44	-86.017
6.46	-86.03
6.48	-85.996
6.5	-85.978
6.52	-85.961
6.54	-85.982
6.56	-85.982
6.58	-85.996
6.6	-85.978
6.62	-85.965
6.64	-86
6.66	-85.978
6.68	-85.956
6.7	-85.965
6.72	-85.956
6.74	-85.935
6.76	-85.939
6.78	-85.996
6.8	-85.996
6.82	-85.978
6.84	-85.991
6.86	-85.974
6.88	-85.961
6.9	-85.978
6.92	-85.987
6.94	-85.991
6.96	-85.987
6.98	-85.982
7	-85.952
7.02	-85.952
7.04	-85.982
7.06	-85.978
7.08	-85.982
7.1	-85.987
7.12	-86.009
7.14	-85.991
7.16	-85.974
7.18	-85.965
7.2	-86.004
7.22	-85.956
7.24	-85.939
7.26	-85.987
7.28	-86.004
7.3	-86.009
7.32	-85.987
7.34	-85.969
7.36	-86
7.38	-86.013
7.4	-85.974
7.42	-85.952
7.44	-85.969
7.46	-85.952
7.48	-85.987
7.5	-85.978
7.52	-85.978
7.54	-85.956
7.56	-85.978
7.58	-85.974
7.6	-85.969
7.62	-85.974
7.64	-85.974
7.66	-85.956
7.68	-85.978
7.7	-85.991
7.72	-85.956
7.74	-85.974
7.76	-85.956
7.78	-85.982
7.8	-85.978
7.82	-85.969
7.84	-85.982
7.86	-85.965
7.88	-85.996
7.9	-86.004
7.92	-85.996
7.94	-86.013
7.96	-86
7.98	-86.009
8	-86.009
8.02	-86.004
8.04	-85.996
8.06	-86.013
8.08	-86
8.1	-85.965
8.12	-85.961
8.14	-85.961
8.16	-85.987
8.18	-85.982
8.2	-85.978
8.22	-85.961
8.24	-85.943
8.26	-85.943
8.28	-85.969
8.3	-85.978
8.32	-85.987
8.34	-85.978
8.36	-85.996
8.38	-85.991
8.4	-85.965
8.42	-85.974
8.44	-85.956
8.46	-85.956
8.48	-85.969
8.5	-85.943
8.52	-85.969
8.54	-85.974
8.56	-86.004
8.58	-85.996
8.6	-85.974
8.62	-86.017
8.64	-86.004
8.66	-85.991
8.68	-85.987
8.7	-86.004
8.72	-85.965
8.74	-85.948
8.76	-85.965
8.78	-85.982
8.8	-85.987
8.82	-85.991
8.84	-85.943
8.86	-85.956
8.88	-85.965
8.9	-85.961
8.92	-85.961
8.94	-85.956
8.96	-85.961
8.98	-85.982
9	-86.004
9.02	-86.013
9.04	-85.974
9.06	-85.943
9.08	-85.991
9.1	-85.965
9.12	-85.917
9.14	-85.935
9.16	-85.974
9.18	-85.987
9.2	-85.952
9.22	-85.956
9.24	-85.965
9.26	-85.996
9.28	-86
9.3	-85.978
9.32	-85.948
9.34	-85.952
9.36	-86
9.38	-85.987
9.4	-85.965
9.42	-86.013
9.44	-85.982
9.46	-85.991
9.48	-85.987
9.5	-85.974
9.52	-85.956
9.54	-85.974
9.56	-86.009
9.58	-85.987
9.6	-85.969
9.62	-85.974
9.64	-85.952
9.66	-85.948
9.68	-85.991
9.7	-86.022
9.72	-85.978
9.74	-85.952
9.76	-85.991
9.78	-85.965
9.8	-85.969
9.82	-85.961
9.84	-85.952
9.86	-85.987
9.88	-86
9.9	-85.991
9.92	-85.978
9.94	-85.961
9.96	-85.974
9.98	-85.982
10	-85.991
10.02	-85.987
10.04	-86
10.06	-85.982
10.08	-86
10.1	-85.991
10.12	-85.969
10.14	-85.991
10.16	-85.982
10.18	-85.974
10.2	-85.996
10.22	-85.996
10.24	-85.978
10.26	-85.991
10.28	-85.974
10.3	-85.978
10.32	-85.978
10.34	-85.987
10.36	-85.991
10.38	-86.022
10.4	-86.004
10.42	-85.961
10.44	-85.978
10.46	-85.969
10.48	-85.996
10.5	-85.987
10.52	-85.961
10.54	-85.996
10.56	-86.009
10.58	-85.974
10.6	-85.948
10.62	-85.965
10.64	-85.965
10.66	-85.987
10.68	-85.978
10.7	-85.952
10.72	-86
10.74	-85.991
10.76	-85.991
10.78	-85.961
10.8	-85.974
10.82	-85.965
10.84	-85.987
10.86	-85.996
10.88	-85.987
10.9	-85.952
10.92	-85.982
10.94	-86.004
10.96	-86.009
10.98	-86.004
11	-85.987
11.02	-85.982
11.04	-85.974
11.06	-85.965
11.08	-85.974
11.1	-85.991
11.12	-85.996
11.14	-85.987
11.16	-85.996
11.18	-85.987
11.2	-85.969
11.22	-85.952
11.24	-85.956
11.26	-85.991
11.28	-85.982
11.3	-86
11.32	-86.017
11.34	-86
11.36	-86.009
11.38	-85.991
11.4	-85.961
11.42	-85.965
11.44	-85.961
11.46	-85.974
11.48	-85.965
11.5	-85.948
11.52	-85.948
11.54	-85.987
11.56	-86
11.58	-85.996
11.6	-85.961
11.62	-85.987
11.64	-85.996
11.66	-85.961
11.68	-85.978
11.7	-86.017
11.72	-85.987
11.74	-86.013
11.76	-86.048
11.78	-86.009
11.8	-85.987
11.82	-85.991
11.84	-86.013
11.86	-85.982
11.88	-85.956
11.9	-85.965
11.92	-85.982
11.94	-85.961
11.96	-86.009
11.98	-86.013
12	-85.961
12.02	-85.939
12.04	-86.004
12.06	-86.022
12.08	-86.013
12.1	-85.969
12.12	-85.991
12.14	-85.943
12.16	-85.935
12.18	-85.952
12.2	-85.969
12.22	-86.004
12.24	-85.987
12.26	-85.978
12.28	-85.952
12.3	-85.961
12.32	-86
12.34	-86.009
12.36	-85.991
12.38	-85.978
12.4	-85.965
12.42	-85.996
12.44	-86.035
12.46	-85.991
12.48	-85.969
12.5	-86
12.52	-86.026
12.54	-86.013
12.56	-85.978
12.58	-85.991
12.6	-85.996
12.62	-86
12.64	-85.956
12.66	-85.965
12.68	-86.039
12.7	-86.017
12.72	-85.952
12.74	-85.978
12.76	-85.974
12.78	-85.974
12.8	-86.004
12.82	-86
12.84	-85.965
12.86	-85.987
12.88	-86.009
12.9	-86.026
12.92	-85.982
12.94	-85.965
12.96	-86
12.98	-86.009
13	-85.996
13.02	-85.965
13.04	-85.956
13.06	-85.965
13.08	-85.991
13.1	-86.017
13.12	-85.996
13.14	-85.987
13.16	-85.991
13.18	-85.961
13.2	-85.982
13.22	-86
13.24	-85.987
13.26	-85.974
13.28	-85.956
13.3	-85.991
13.32	-86.004
13.34	-86.017
13.36	-86
13.38	-85.965
13.4	-85.978
13.42	-86.035
13.44	-86.017
13.46	-85.961
13.48	-85.987
13.5	-86.009
13.52	-85.996
13.54	-85.996
13.56	-86.022
13.58	-86.022
13.6	-85.991
13.62	-86.009
13.64	-86.013
13.66	-86
13.68	-86
13.7	-86.004
13.72	-86.03
13.74	-85.996
13.76	-85.978
13.78	-86.009
13.8	-86.009
13.82	-85.996
13.84	-85.969
13.86	-85.952
13.88	-85.969
13.9	-85.982
13.92	-85.991
13.94	-85.987
13.96	-85.982
13.98	-86.013
14	-86.017
14.02	-86.009
14.04	-85.996
14.06	-86.004
14.08	-86.022
14.1	-86.009
14.12	-85.978
14.14	-85.961
14.16	-85.982
14.18	-86.009
14.2	-86.022
14.22	-86
14.24	-85.982
14.26	-85.974
14.28	-85.952
14.3	-85.965
14.32	-85.991
14.34	-86.017
14.36	-86.017
14.38	-86.035
14.4	-86.004
14.42	-86.013
14.44	-86.039
14.46	-85.982
14.48	-85.978
14.5	-86.017
14.52	-85.987
14.54	-86
14.56	-85.982
14.58	-85.991
14.6	-86.026
14.62	-85.974
14.64	-85.987
14.66	-86.017
14.68	-86.017
14.7	-86
14.72	-86.013
14.74	-85.996
14.76	-86.004
14.78	-86.013
14.8	-85.996
14.82	-86.009
14.84	-86.022
14.86	-86.013
14.88	-86
14.9	-85.987
14.92	-85.969
14.94	-85.978
14.96	-86
14.98	-86
15	-85.987
15.02	-85.991
15.04	-85.978
15.06	-85.987
15.08	-85.991
15.1	-85.996
15.12	-85.974
15.14	-85.991
15.16	-85.965
15.18	-85.996
15.2	-86.017
15.22	-85.982
15.24	-85.991
15.26	-85.982
15.28	-86.004
15.3	-86.039
15.32	-85.987
15.34	-86.009
15.36	-86.013
15.38	-85.978
15.4	-85.996
15.42	-86.035
15.44	-86.022
15.46	-86.013
15.48	-86
15.5	-85.996
15.52	-85.974
15.54	-85.974
15.56	-85.996
15.58	-85.987
15.6	-86.004
15.62	-86
15.64	-85.965
15.66	-85.982
15.68	-86
15.7	-86.013
15.72	-85.974
15.74	-85.996
15.76	-86.022
15.78	-85.996
15.8	-85.969
15.82	-85.965
15.84	-86.009
15.86	-85.991
15.88	-86
15.9	-85.969
15.92	-85.996
15.94	-86.026
15.96	-86.004
15.98	-85.987
16	-86.004
16.02	-85.987
16.04	-85.991
16.06	-85.982
16.08	-86.017
16.1	-86.013
16.12	-86.022
16.14	-86.009
16.16	-86.03
16.18	-86.035
16.2	-86.004
16.22	-85.996
16.24	-86.013
16.26	-86.017
16.28	-86
16.3	-85.996
16.32	-86
16.34	-86
16.36	-86.004
16.38	-86.009
16.4	-85.974
16.42	-86.004
16.44	-86.022
16.46	-86.017
16.48	-86
16.5	-85.996
16.52	-86.03
16.54	-85.982
16.56	-86
16.58	-86.048
16.6	-86.039
16.62	-85.991
16.64	-85.952
16.66	-85.987
16.68	-86.022
16.7	-86.022
16.72	-86.013
16.74	-86.017
16.76	-86.009
16.78	-86.026
16.8	-86.009
16.82	-86.022
16.84	-86.03
16.86	-86.044
16.88	-86.026
16.9	-86.022
16.92	-86.022
16.94	-86
16.96	-85.978
16.98	-85.996
17	-86.039
17.02	-86.044
17.04	-86
17.06	-85.987
17.08	-85.982
17.1	-85.991
17.12	-85.987
17.14	-86.004
17.16	-86.03
17.18	-86.048
17.2	-86
17.22	-85.952
17.24	-85.982
17.26	-86.013
17.28	-86.017
17.3	-85.987
17.32	-85.991
17.34	-86
17.36	-85.965
17.38	-85.996
17.4	-86.017
17.42	-86.026
17.44	-85.987
17.46	-85.987
17.48	-86.022
17.5	-86.039
17.52	-86.039
17.54	-86.013
17.56	-86.017
17.58	-86.039
17.6	-86.004
17.62	-86
17.64	-86.035
17.66	-86.017
17.68	-86.022
17.7	-86.009
17.72	-86.03
17.74	-86.052
17.76	-86.074
17.78	-86.017
17.8	-85.996
17.82	-86.004
17.84	-85.987
17.86	-85.991
17.88	-85.991
17.9	-86.009
17.92	-86.065
17.94	-86.048
17.96	-86.026
17.98	-86.017
18	-86.035
18.02	-86.022
18.04	-86.017
18.06	-86.022
18.08	-86.022
18.1	-85.996
18.12	-85.961
18.14	-86
18.16	-86.026
18.18	-86.026
18.2	-86.026
18.22	-86
18.24	-86.035
18.26	-86.07
18.28	-86.065
18.3	-86.07
18.32	-86.03
18.34	-86.026
18.36	-86.026
18.38	-86.039
18.4	-86.017
18.42	-85.982
18.44	-86.022
18.46	-86.004
18.48	-86.022
18.5	-86.039
18.52	-86.022
18.54	-86.044
18.56	-86.044
18.58	-86.022
18.6	-86.022
18.62	-86.009
18.64	-86.009
18.66	-86.017
18.68	-86.017
18.7	-86
18.72	-86.013
18.74	-86.078
18.76	-86.017
18.78	-85.974
18.8	-86.004
18.82	-86
18.84	-85.987
18.86	-86.009
18.88	-86.009
18.9	-86.039
18.92	-86.022
18.94	-86
18.96	-85.996
18.98	-86.004
19	-86.026
19.02	-86.009
19.04	-86
19.06	-86.022
19.08	-86.026
19.1	-86.022
19.12	-86.017
19.14	-86.044
19.16	-86.009
19.18	-86
19.2	-86.039
19.22	-86.026
19.24	-86.004
19.26	-86.026
19.28	-86.009
19.3	-86.017
19.32	-85.996
19.34	-85.996
19.36	-86.009
19.38	-86.004
19.4	-86.03
19.42	-86.004
19.44	-86
19.46	-86
19.48	-86.035
19.5	-86.03
19.52	-85.978
19.54	-85.974
19.56	-86.004
19.58	-86.048
19.6	-86.061
19.62	-85.987
19.64	-85.939
19.66	-86.026
19.68	-86.061
19.7	-86
19.72	-86.017
19.74	-86.013
19.76	-86.022
19.78	-86.026
19.8	-86.057
19.82	-86.017
19.84	-85.991
19.86	-86.013
19.88	-86.009
19.9	-85.969
19.92	-86
19.94	-86.017
19.96	-86.009
19.98	-85.974
20	-85.982
20.02	-85.991
20.04	-86
20.06	-86.03
20.08	-86.03
20.1	-86.022
20.12	-86.026
20.14	-86.022
20.16	-86.035
20.18	-85.982
20.2	-85.991
20.22	-86.03
20.24	-86
20.26	-85.996
20.28	-86.035
20.3	-86.044
20.32	-86.017
20.34	-86.009
20.36	-86.022
20.38	-86.044
20.4	-86.004
20.42	-85.987
20.44	-85.974
20.46	-85.996
20.48	-85.991
20.5	-85.987
20.52	-85.991
20.54	-86.026
20.56	-86.03
20.58	-85.987
20.6	-85.991
20.62	-85.974
20.64	-85.982
20.66	-86.013
20.68	-86.035
20.7	-86.013
20.72	-86.017
20.74	-86.009
20.76	-85.978
20.78	-86
20.8	-86.026
20.82	-86.03
20.84	-86.009
20.86	-85.996
20.88	-85.996
20.9	-86.017
20.92	-86.013
20.94	-86
20.96	-86.013
20.98	-85.991
21	-85.991
21.02	-86
21.04	-85.978
21.06	-86.004
21.08	-86.017
21.1	-86.004
21.12	-86.004
21.14	-85.982
21.16	-85.969
21.18	-85.943
21.2	-85.996
21.22	-86.009
21.24	-86.035
21.26	-86.057
21.28	-86.044
21.3	-86.035
21.32	-86.03
21.34	-86.026
21.36	-86.013
21.38	-86.052
21.4	-86.052
21.42	-86.03
21.44	-86.022
21.46	-86.07
21.48	-86.03
21.5	-85.969
21.52	-86.013
21.54	-85.987
21.56	-85.969
21.58	-86.013
21.6	-85.996
21.62	-85.987
21.64	-86.009
21.66	-86.022
21.68	-85.996
21.7	-86.022
21.72	-86.004
21.74	-85.996
21.76	-86.009
21.78	-86.022
21.8	-86.017
21.82	-85.982
21.84	-86.013
21.86	-86.009
21.88	-85.987
21.9	-85.974
21.92	-85.996
21.94	-85.991
21.96	-86.03
21.98	-86.004
22	-85.952
22.02	-85.996
22.04	-86.057
22.06	-86.061
22.08	-86.013
22.1	-86.017
22.12	-86.017
22.14	-86.035
22.16	-85.996
22.18	-85.996
22.2	-86.039
22.22	-86.03
22.24	-86.017
22.26	-86.03
22.28	-86.052
22.3	-86.061
22.32	-86.013
22.34	-86.035
22.36	-85.987
22.38	-86.004
22.4	-86.009
22.42	-86.022
22.44	-86.017
22.46	-86.017
22.48	-86
22.5	-86.013
22.52	-86.009
22.54	-85.991
22.56	-85.978
22.58	-86.035
22.6	-86.03
22.62	-86.03
22.64	-86.039
22.66	-86.009
22.68	-86.013
22.7	-86
22.72	-86
22.74	-85.996
22.76	-85.996
22.78	-86.009
22.8	-86.022
22.82	-86.039
22.84	-86.074
22.86	-86.048
22.88	-86.009
22.9	-86.004
22.92	-85.996
22.94	-85.978
22.96	-86.009
22.98	-86.039
23	-86.052
23.02	-86.03
23.04	-85.996
23.06	-86.004
23.08	-86.022
23.1	-86.004
23.12	-85.978
23.14	-85.996
23.16	-86.017
23.18	-86.004
23.2	-86.009
23.22	-85.987
23.24	-85.991
23.26	-86.044
23.28	-86.026
23.3	-85.982
23.32	-85.974
23.34	-86.004
23.36	-86.035
23.38	-86.026
23.4	-86.013
23.42	-86.026
23.44	-86.039
23.46	-86.044
23.48	-86.022
23.5	-85.978
23.52	-85.965
23.54	-86.022
23.56	-86.017
23.58	-86.013
23.6	-86.017
23.62	-86.03
23.64	-86
23.66	-86.009
23.68	-85.996
23.7	-86.004
23.72	-85.961
23.74	-85.948
23.76	-86.009
23.78	-86.026
23.8	-86.009
23.82	-86.017
23.84	-86.039
23.86	-86.004
23.88	-85.987
23.9	-85.969
23.92	-86.022
23.94	-86.009
23.96	-85.982
23.98	-85.991
24	-86.013
24.02	-86.009
24.04	-86.026
24.06	-86.044
24.08	-86.074
24.1	-86.026
24.12	-86.017
24.14	-86.044
24.16	-86.03
24.18	-86.004
24.2	-85.996
24.22	-86.039
24.24	-85.991
24.26	-85.991
24.28	-86.013
24.3	-86.017
24.32	-86.022
24.34	-86.009
24.36	-85.978
24.38	-85.965
24.4	-85.987
24.42	-86
24.44	-86.022
24.46	-86
24.48	-85.996
24.5	-86.022
24.52	-86
24.54	-85.974
24.56	-86
24.58	-86.004
24.6	-85.987
24.62	-86.017
24.64	-86.009
24.66	-85.965
24.68	-85.982
24.7	-86.009
24.72	-86.039
24.74	-86.022
24.76	-86.013
24.78	-85.996
24.8	-86.013
24.82	-86.013
24.84	-86.039
24.86	-86.03
24.88	-85.991
24.9	-85.987
24.92	-86.017
24.94	-86.017
24.96	-86.017
24.98	-86.004
25	-85.956
25.02	-85.974
25.04	-86.004
25.06	-86.004
25.08	-86.009
25.1	-86.026
25.12	-86
25.14	-86.022
25.16	-85.987
25.18	-85.961
25.2	-85.982
25.22	-86.017
25.24	-86.017
25.26	-86.022
25.28	-86.035
25.3	-85.987
25.32	-85.996
25.34	-86.035
25.36	-86.013
25.38	-85.996
25.4	-86
25.42	-85.996
25.44	-85.978
25.46	-85.987
25.48	-85.991
25.5	-86.017
25.52	-85.974
25.54	-85.982
25.56	-86.004
25.58	-86.044
25.6	-85.982
25.62	-86
25.64	-86.048
25.66	-86.004
25.68	-86.022
25.7	-86.035
25.72	-86.022
25.74	-86.057
25.76	-86.035
25.78	-85.996
25.8	-86.035
25.82	-86.048
25.84	-86.004
25.86	-85.996
25.88	-86.009
25.9	-85.987
25.92	-85.991
25.94	-86.009
25.96	-86.039
25.98	-86.061
26	-86.044
26.02	-86.022
26.04	-85.996
26.06	-86.017
26.08	-86.022
26.1	-86.044
26.12	-86.026
26.14	-86.009
26.16	-86.009
26.18	-85.996
26.2	-86
26.22	-85.978
26.24	-86.017
26.26	-86
26.28	-86.035
26.3	-86.057
26.32	-86.061
26.34	-85.987
26.36	-86.017
26.38	-86.065
26.4	-86.03
26.42	-85.982
26.44	-86.004
26.46	-86.026
26.48	-86
26.5	-86
26.52	-86.022
26.54	-86.026
26.56	-86.039
26.58	-86.017
26.6	-85.991
26.62	-86.026
26.64	-86.048
26.66	-86.087
26.68	-86.039
26.7	-86.013
26.72	-86.03
26.74	-86.044
26.76	-86.009
26.78	-85.982
26.8	-85.991
26.82	-85.996
26.84	-86.057
26.86	-86.048
26.88	-86
26.9	-86.017
26.92	-86.061
26.94	-86.022
26.96	-85.982
26.98	-86.03
27	-86.078
27.02	-86.061
27.04	-86.131
27.06	-87.286
27.08	-87.138
27.1	-86.27
27.12	-86.065
27.14	-86.126
27.16	-86.131
27.18	-86.139
27.2	-86.122
27.22	-86.161
27.24	-86.187
27.26	-86.214
27.28	-86.187
27.3	-86.214
27.32	-86.222
27.34	-86.231
27.36	-86.214
27.38	-86.183
27.4	-86.214
27.42	-86.205
27.44	-86.209
27.46	-86.218
27.48	-86.235
27.5	-86.214
27.52	-86.244
27.54	-86.283
27.56	-86.288
27.58	-86.279
27.6	-86.283
27.62	-86.301
27.64	-86.292
27.66	-86.309
27.68	-86.305
27.7	-86.296
27.72	-86.314
27.74	-86.314
27.76	-86.336
27.78	-86.336
27.8	-86.344
27.82	-86.37
27.84	-86.331
27.86	-86.327
27.88	-86.344
27.9	-86.344
27.92	-86.353
27.94	-86.375
27.96	-86.366
27.98	-86.366
28	-86.331
28.02	-86.366
28.04	-86.405
28.06	-86.401
28.08	-86.388
28.1	-86.405
28.12	-86.41
28.14	-86.423
28.16	-86.44
28.18	-86.449
28.2	-86.414
28.22	-86.37
28.24	-86.349
28.26	-86.405
28.28	-86.432
28.3	-86.423
28.32	-86.449
28.34	-86.44
28.36	-86.432
28.38	-86.436
28.4	-86.449
28.42	-86.436
28.44	-86.423
28.46	-86.458
28.48	-86.453
28.5	-86.453
28.52	-86.479
28.54	-86.506
28.56	-86.493
28.58	-86.497
28.6	-86.436
28.62	-86.488
28.64	-86.501
28.66	-86.466
28.68	-86.506
28.7	-86.501
28.72	-86.493
28.74	-86.484
28.76	-86.514
28.78	-86.493
28.8	-86.506
28.82	-86.488
28.84	-86.497
28.86	-86.545
28.88	-86.541
28.9	-86.523
28.92	-86.523
28.94	-86.501
28.96	-86.527
28.98	-86.545
29	-86.571
29.02	-86.536
29.04	-86.401
29.06	-85.246
29.08	-85.381
29.1	-86.257
29.12	-86.497
29.14	-86.471
29.16	-86.423
29.18	-86.41
29.2	-86.44
29.22	-86.449
29.24	-86.449
29.26	-86.349
29.28	-86.379
29.3	-86.427
29.32	-86.384
29.34	-86.392
29.36	-86.414
29.38	-86.423
29.4	-86.401
29.42	-86.388
29.44	-86.375
29.46	-86.349
29.48	-86.379
29.5	-86.323
29.52	-86.344
29.54	-86.414
29.56	-86.401
29.58	-86.357
29.6	-86.375
29.62	-86.397
29.64	-86.37
29.66	-86.384
29.68	-86.362
29.7	-86.353
29.72	-86.362
29.74	-86.336
29.76	-86.357
29.78	-86.336
29.8	-86.344
29.82	-86.309
29.84	-86.318
29.86	-86.314
29.88	-86.305
29.9	-86.362
29.92	-86.392
29.94	-86.344
29.96	-86.323
29.98	-86.344
30	-86.353
30.02	-86.323
30.04	-86.309
30.06	-86.283
30.08	-86.309
30.1	-86.344
30.12	-86.37
30.14	-86.296
30.16	-86.314
30.18	-86.344
30.2	-86.314
30.22	-86.275
30.24	-86.301
30.26	-86.323
30.28	-86.309
30.3	-86.305
30.32	-86.318
30.34	-86.292
30.36	-86.327
30.38	-86.275
30.4	-86.24
30.42	-86.261
30.44	-86.292
30.46	-86.275
30.48	-86.296
30.5	-86.292
30.52	-86.283
30.54	-86.344
30.56	-86.296
30.58	-86.261
30.6	-86.283
30.62	-86.327
30.64	-86.288
30.66	-86.257
30.68	-86.253
30.7	-86.235
30.72	-86.27
30.74	-86.288
30.76	-86.27
30.78	-86.244
30.8	-86.296
30.82	-86.296
30.84	-86.323
30.86	-86.318
30.88	-86.279
30.9	-86.288
30.92	-86.288
30.94	-86.279
30.96	-86.279
30.98	-86.314
31	-86.292
31.02	-86.314
31.04	-86.283
31.06	-86.275
31.08	-86.24
31.1	-86.24
31.12	-86.261
31.14	-86.283
31.16	-86.283
31.18	-86.261
31.2	-86.227
31.22	-86.244
31.24	-86.244
31.26	-86.248
31.28	-86.261
31.3	-86.283
31.32	-86.257
31.34	-86.248
31.36	-86.248
31.38	-86.266
31.4	-86.253
31.42	-86.292
31.44	-86.279
31.46	-86.318
31.48	-86.301
31.5	-86.261
31.52	-86.24
31.54	-86.292
31.56	-86.253
31.58	-86.253
31.6	-86.279
31.62	-86.288
31.64	-86.266
31.66	-86.288
31.68	-86.288
31.7	-86.248
31.72	-86.222
31.74	-86.244
31.76	-86.235
31.78	-86.235
31.8	-86.27
31.82	-86.266
31.84	-86.253
31.86	-86.24
31.88	-86.235
31.9	-86.24
31.92	-86.235
31.94	-86.244
31.96	-86.235
31.98	-86.261
32	-86.235
32.02	-86.235
32.04	-86.218
32.06	-86.222
32.08	-86.231
32.1	-86.231
32.12	-86.24
32.14	-86.235
32.16	-86.227
32.18	-86.244
32.2	-86.24
32.22	-86.227
32.24	-86.205
32.26	-86.196
32.28	-86.261
32.3	-86.283
32.32	-86.227
32.34	-86.187
32.36	-86.222
32.38	-86.222
32.4	-86.227
32.42	-86.257
32.44	-86.266
32.46	-86.205
32.48	-86.205
32.5	-86.244
32.52	-86.235
32.54	-86.218
32.56	-86.196
32.58	-86.24
32.6	-86.231
32.62	-86.2
32.64	-86.231
32.66	-86.227
32.68	-86.183
32.7	-86.17
32.72	-86.235
32.74	-86.244
32.76	-86.227
32.78	-86.24
32.8	-86.218
32.82	-86.214
32.84	-86.17
32.86	-86.183
32.88	-86.261
32.9	-86.257
32.92	-86.244
32.94	-86.205
32.96	-86.235
32.98	-86.24
33	-86.205
33.02	-86.205
33.04	-86.235
33.06	-86.235
33.08	-86.244
33.1	-86.214
33.12	-86.248
33.14	-86.244
33.16	-86.24
33.18	-86.218
33.2	-86.179
33.22	-86.222
33.24	-86.205
33.26	-86.196
33.28	-86.205
33.3	-86.227
33.32	-86.248
33.34	-86.27
33.36	-86.183
33.38	-86.153
33.4	-86.179
33.42	-86.235
33.44	-86.231
33.46	-86.2
33.48	-86.205
33.5	-86.227
33.52	-86.205
33.54	-86.196
33.56	-86.253
33.58	-86.2
33.6	-86.174
33.62	-86.179
33.64	-86.179
33.66	-86.174
33.68	-86.205
33.7	-86.2
33.72	-86.218
33.74	-86.214
33.76	-86.179
33.78	-86.209
33.8	-86.174
33.82	-86.183
33.84	-86.187
33.86	-86.183
33.88	-86.166
33.9	-86.222
33.92	-86.222
33.94	-86.192
33.96	-86.214
33.98	-86.222
34	-86.218
34.02	-86.231
34.04	-86.214
34.06	-86.187
34.08	-86.183
34.1	-86.196
34.12	-86.17
34.14	-86.166
34.16	-86.214
34.18	-86.218
34.2	-86.196
34.22	-86.196
34.24	-86.235
34.26	-86.24
34.28	-86.24
34.3	-86.214
34.32	-86.192
34.34	-86.192
34.36	-86.2
34.38	-86.196
34.4	-86.222
34.42	-86.2
34.44	-86.205
34.46	-86.196
34.48	-86.218
34.5	-86.227
34.52	-86.214
34.54	-86.183
34.56	-86.166
34.58	-86.17
34.6	-86.192
34.62	-86.192
34.64	-86.192
34.66	-86.187
34.68	-86.157
34.7	-86.179
34.72	-86.183
34.74	-86.192
34.76	-86.227
34.78	-86.2
34.8	-86.192
34.82	-86.179
34.84	-86.179
34.86	-86.179
34.88	-86.205
34.9	-86.209
34.92	-86.183
34.94	-86.135
34.96	-86.174
34.98	-86.174
35	-86.153
35.02	-86.161
35.04	-86.144
35.06	-86.157
35.08	-86.157
35.1	-86.17
35.12	-86.192
35.14	-86.192
35.16	-86.174
35.18	-86.187
35.2	-86.174
35.22	-86.148
35.24	-86.187
35.26	-86.209
35.28	-86.227
35.3	-86.179
35.32	-86.192
35.34	-86.218
35.36	-86.183
35.38	-86.135
35.4	-86.161
35.42	-86.205
35.44	-86.192
35.46	-86.179
35.48	-86.196
35.5	-86.2
35.52	-86.179
35.54	-86.17
35.56	-86.135
35.58	-86.174
35.6	-86.205
35.62	-86.17
35.64	-86.166
35.66	-86.187
35.68	-86.166
35.7	-86.187
35.72	-86.196
35.74	-86.148
35.76	-86.144
35.78	-86.157
35.8	-86.17
35.82	-86.209
35.84	-86.214
35.86	-86.174
35.88	-86.166
35.9	-86.17
35.92	-86.157
35.94	-86.2
35.96	-86.166
35.98	-86.161
36	-86.214
36.02	-86.187
36.04	-86.183
36.06	-86.179
36.08	-86.17
36.1	-86.157
36.12	-86.166
36.14	-86.174
36.16	-86.179
36.18	-86.214
36.2	-86.135
36.22	-86.148
36.24	-86.179
36.26	-86.183
36.28	-86.192
36.3	-86.161
36.32	-86.205
36.34	-86.192
36.36	-86.196
36.38	-86.214
36.4	-86.157
36.42	-86.131
36.44	-86.139
36.46	-86.144
36.48	-86.183
36.5	-86.166
36.52	-86.161
36.54	-86.166
36.56	-86.131
36.58	-86.179
36.6	-86.17
36.62	-86.157
36.64	-86.131
36.66	-86.139
36.68	-86.161
36.7	-86.235
36.72	-86.187
36.74	-86.187
36.76	-86.187
36.78	-86.187
36.8	-86.153
36.82	-86.144
36.84	-86.153
36.86	-86.166
36.88	-86.17
36.9	-86.157
36.92	-86.135
36.94	-86.118
36.96	-86.157
36.98	-86.196
37	-86.2
37.02	-86.196
37.04	-86.196
37.06	-86.183
37.08	-86.131
37.1	-86.148
37.12	-86.135
37.14	-86.166
37.16	-86.187
37.18	-86.187
37.2	-86.2
37.22	-86.17
37.24	-86.17
37.26	-86.174
37.28	-86.187
37.3	-86.166
37.32	-86.174
37.34	-86.179
37.36	-86.166
37.38	-86.166
37.4	-86.153
37.42	-86.144
37.44	-86.157
37.46	-86.192
37.48	-86.187
37.5	-86.166
37.52	-86.183
37.54	-86.17
37.56	-86.144
37.58	-86.17
37.6	-86.135
37.62	-86.135
37.64	-86.183
37.66	-86.174
37.68	-86.148
37.7	-86.148
37.72	-86.118
37.74	-86.166
37.76	-86.144
37.78	-86.135
37.8	-86.166
37.82	-86.166
37.84	-86.161
37.86	-86.135
37.88	-86.153
37.9	-86.135
37.92	-86.144
37.94	-86.196
37.96	-86.196
37.98	-86.166
38	-86.183
38.02	-86.126
38.04	-86.109
38.06	-86.17
38.08	-86.166
38.1	-86.174
38.12	-86.157
38.14	-86.148
38.16	-86.118
38.18	-86.157
38.2	-86.113
38.22	-86.122
38.24	-86.144
38.26	-86.166
38.28	-86.179
38.3	-86.174
38.32	-86.161
38.34	-86.157
38.36	-86.166
38.38	-86.135
38.4	-86.148
38.42	-86.196
38.44	-86.183
38.46	-86.17
38.48	-86.157
38.5	-86.161
38.52	-86.17
38.54	-86.179
38.56	-86.166
38.58	-86.166
38.6	-86.174
38.62	-86.2
38.64	-86.192
38.66	-86.209
38.68	-86.187
38.7	-86.131
38.72	-86.157
38.74	-86.2
38.76	-86.2
38.78	-86.153
38.8	-86.144
38.82	-86.161
38.84	-86.148
38.86	-86.179
38.88	-86.183
38.9	-86.153
38.92	-86.135
38.94	-86.144
38.96	-86.183
38.98	-86.135
39	-86.118
39.02	-86.174
39.04	-86.166
39.06	-86.148
39.08	-86.157
39.1	-86.161
39.12	-86.148
39.14	-86.183
39.16	-86.174
39.18	-86.131
39.2	-86.118
39.22	-86.139
39.24	-86.148
39.26	-86.179
39.28	-86.187
39.3	-86.144
39.32	-86.135
39.34	-86.113
39.36	-86.139
39.38	-86.113
39.4	-86.118
39.42	-86.113
39.44	-86.144
39.46	-86.144
39.48	-86.161
39.5	-86.166
39.52	-86.166
39.54	-86.153
39.56	-86.166
39.58	-86.187
39.6	-86.179
39.62	-86.144
39.64	-86.144
39.66	-86.148
39.68	-86.144
39.7	-86.166
39.72	-86.126
39.74	-86.113
39.76	-86.091
39.78	-86.135
39.8	-86.157
39.82	-86.144
39.84	-86.157
39.86	-86.17
39.88	-86.161
39.9	-86.122
39.92	-86.148
39.94	-86.174
39.96	-86.157
39.98	-86.135
40	-86.157
40.02	-86.135
40.04	-86.109
40.06	-86.091
40.08	-86.179
40.1	-86.153
40.12	-86.105
40.14	-86.118
40.16	-86.126
40.18	-86.161
40.2	-86.139
40.22	-86.109
40.24	-86.126
40.26	-86.139
40.28	-86.192
40.3	-86.166
40.32	-86.122
40.34	-86.179
40.36	-86.122
40.38	-86.122
40.4	-86.17
40.42	-86.187
40.44	-86.17
40.46	-86.153
40.48	-86.139
40.5	-86.131
40.52	-86.174
40.54	-86.148
40.56	-86.166
40.58	-86.166
40.6	-86.153
40.62	-86.148
40.64	-86.153
40.66	-86.166
40.68	-86.166
40.7	-86.166
40.72	-86.144
40.74	-86.096
40.76	-86.109
40.78	-86.118
40.8	-86.144
40.82	-86.157
40.84	-86.109
40.86	-86.131
40.88	-86.157
40.9	-86.144
40.92	-86.161
40.94	-86.174
40.96	-86.131
40.98	-86.153
41	-86.174
41.02	-86.179
41.04	-86.183
41.06	-86.192
41.08	-86.157
41.1	-86.187
41.12	-86.148
41.14	-86.153
41.16	-86.118
41.18	-86.1
41.2	-86.161
41.22	-86.166
41.24	-86.148
41.26	-86.135
41.28	-86.122
41.3	-86.131
41.32	-86.118
41.34	-86.113
41.36	-86.131
41.38	-86.153
41.4	-86.179
41.42	-86.131
41.44	-86.135
41.46	-86.161
41.48	-86.148
41.5	-86.131
41.52	-86.139
41.54	-86.126
41.56	-86.17
41.58	-86.17
41.6	-86.131
41.62	-86.096
41.64	-86.105
41.66	-86.113
41.68	-86.113
41.7	-86.144
41.72	-86.153
41.74	-86.139
41.76	-86.166
41.78	-86.118
41.8	-86.139
41.82	-86.161
41.84	-86.17
41.86	-86.113
41.88	-86.07
41.9	-86.105
41.92	-86.096
41.94	-86.078
41.96	-86.087
41.98	-86.091
42	-86.122
42.02	-86.166
42.04	-86.126
42.06	-86.122
42.08	-86.153
42.1	-86.153
42.12	-86.139
42.14	-86.135
42.16	-86.131
42.18	-86.135
42.2	-86.091
42.22	-86.126
42.24	-86.144
42.26	-86.166
42.28	-86.131
42.3	-86.144
42.32	-86.166
42.34	-86.161
42.36	-86.135
42.38	-86.109
42.4	-86.1
42.42	-86.113
42.44	-86.118
42.46	-86.118
42.48	-86.126
42.5	-86.096
42.52	-86.109
42.54	-86.091
42.56	-86.091
42.58	-86.109
42.6	-86.118
42.62	-86.157
42.64	-86.17
42.66	-86.153
42.68	-86.139
42.7	-86.122
42.72	-86.087
42.74	-86.1
42.76	-86.105
42.78	-86.122
42.8	-86.135
42.82	-86.109
42.84	-86.087
42.86	-86.157
42.88	-86.17
42.9	-86.135
42.92	-86.144
42.94	-86.126
42.96	-86.105
42.98	-86.144
43	-86.157
43.02	-86.126
43.04	-86.135
43.06	-86.148
43.08	-86.153
43.1	-86.166
43.12	-86.135
43.14	-86.083
43.16	-86.061
43.18	-86.091
43.2	-86.091
43.22	-86.1
43.24	-86.135
43.26	-86.113
43.28	-86.065
43.3	-86.118
43.32	-86.144
43.34	-86.118
43.36	-86.153
43.38	-86.148
43.4	-86.135
43.42	-86.139
43.44	-86.109
43.46	-86.113
43.48	-86.122
43.5	-86.153
43.52	-86.139
43.54	-86.091
43.56	-86.083
43.58	-86.126
43.6	-86.157
43.62	-86.083
43.64	-86.087
43.66	-86.161
43.68	-86.174
43.7	-86.096
43.72	-86.1
43.74	-86.135
43.76	-86.139
43.78	-86.105
43.8	-86.1
43.82	-86.148
43.84	-86.131
43.86	-86.131
43.88	-86.096
43.9	-86.087
43.92	-86.109
43.94	-86.131
43.96	-86.1
43.98	-86.061
44	-86.078
44.02	-86.144
44.04	-86.166
44.06	-86.118
44.08	-86.135
44.1	-86.148
44.12	-86.1
44.14	-86.096
44.16	-86.096
44.18	-86.135
44.2	-86.148
44.22	-86.109
44.24	-86.087
44.26	-86.061
44.28	-86.126
44.3	-86.118
44.32	-86.113
44.34	-86.083
44.36	-86.087
44.38	-86.105
44.4	-86.135
44.42	-86.109
44.44	-86.087
44.46	-86.118
44.48	-86.105
44.5	-86.1
44.52	-86.122
44.54	-86.166
44.56	-86.135
44.58	-86.113
44.6	-86.109
44.62	-86.105
44.64	-86.131
44.66	-86.148
44.68	-86.113
44.7	-86.126
44.72	-86.139
44.74	-86.122
44.76	-86.131
44.78	-86.105
44.8	-86.118
44.82	-86.139
44.84	-86.131
44.86	-86.109
44.88	-86.083
44.9	-86.1
44.92	-86.135
44.94	-86.122
44.96	-86.139
44.98	-86.144
45	-86.096
45.02	-86.096
45.04	-86.122
45.06	-86.126
45.08	-86.078
45.1	-86.087
45.12	-86.105
45.14	-86.091
45.16	-86.096
45.18	-86.087
45.2	-86.07
45.22	-86.118
45.24	-86.074
45.26	-86.096
45.28	-86.118
45.3	-86.131
45.32	-86.135
45.34	-86.1
45.36	-86.078
45.38	-86.061
45.4	-86.109
45.42	-86.113
45.44	-86.091
45.46	-86.135
45.48	-86.166
45.5	-86.157
45.52	-86.122
45.54	-86.091
45.56	-86.118
45.58	-86.109
45.6	-86.091
45.62	-86.078
45.64	-86.091
45.66	-86.105
45.68	-86.118
45.7	-86.118
45.72	-86.105
45.74	-86.083
45.76	-86.07
45.78	-86.074
45.8	-86.057
45.82	-86.118
45.84	-86.109
45.86	-86.07
45.88	-86.091
45.9	-86.126
45.92	-86.083
45.94	-86.074
45.96	-86.109
45.98	-86.131
46	-86.109
46.02	-86.118
46.04	-86.131
46.06	-86.096
46.08	-86.118
46.1	-86.126
46.12	-86.105
46.14	-86.096
46.16	-86.087
46.18	-86.07
46.2	-86.105
46.22	-86.105
46.24	-86.1
46.26	-86.083
46.28	-86.083
46.3	-86.096
46.32	-86.096
46.34	-86.091
46.36	-86.078
46.38	-86.087
46.4	-86.131
46.42	-86.105
46.44	-86.087
46.46	-86.109
46.48	-86.109
46.5	-86.105
46.52	-86.096
46.54	-86.105
46.56	-86.083
46.58	-86.07
46.6	-86.109
46.62	-86.139
46.64	-86.144
46.66	-86.065
46.68	-86.061
46.7	-86.083
46.72	-86.122
46.74	-86.122
46.76	-86.109
46.78	-86.1
46.8	-86.105
46.82	-86.074
46.84	-86.122
46.86	-86.083
46.88	-86.083
46.9	-86.087
46.92	-86.083
46.94	-86.122
46.96	-86.096
46.98	-86.078
47	-86.07
47.02	-86.091
47.04	-86.091
47.06	-86.118
47.08	-86.109
47.1	-86.109
47.12	-86.126
47.14	-86.135
47.16	-86.091
47.18	-86.105
47.2	-86.087
47.22	-86.083
47.24	-86.105
47.26	-86.061
47.28	-86.1
47.3	-86.144
47.32	-86.131
47.34	-86.113
47.36	-86.118
47.38	-86.1
47.4	-86.087
47.42	-86.091
47.44	-86.074
47.46	-86.091
47.48	-86.105
47.5	-86.087
47.52	-86.074
47.54	-86.078
47.56	-86.126
47.58	-86.087
47.6	-86.065
47.62	-86.078
47.64	-86.087
47.66	-86.074
47.68	-86.074
47.7	-86.061
47.72	-86.083
47.74	-86.096
47.76	-86.083
47.78	-86.057
47.8	-86.065
47.82	-86.105
47.84	-86.096
47.86	-86.083
47.88	-86.113
47.9	-86.087
47.92	-86.078
47.94	-86.087
47.96	-86.113
47.98	-86.131
48	-86.109
48.02	-86.087
48.04	-86.035
48.06	-86.074
48.08	-86.096
48.1	-86.07
48.12	-86.109
48.14	-86.118
48.16	-86.1
48.18	-86.109
48.2	-86.105
48.22	-86.061
48.24	-86.07
48.26	-86.113
48.28	-86.096
48.3	-86.083
48.32	-86.109
48.34	-86.109
48.36	-86.096
48.38	-86.078
48.4	-86.126
48.42	-86.091
48.44	-86.087
48.46	-86.109
48.48	-86.126
48.5	-86.096
48.52	-86.091
48.54	-86.057
48.56	-86.07
48.58	-86.118
48.6	-86.113
48.62	-86.083
48.64	-86.087
48.66	-86.078
48.68	-86.122
48.7	-86.139
48.72	-86.074
48.74	-86.044
48.76	-86.083
48.78	-86.091
48.8	-86.096
48.82	-86.1
48.84	-86.096
48.86	-86.061
48.88	-86.087
48.9	-86.118
48.92	-86.105
48.94	-86.083
48.96	-86.083
48.98	-86.135
49	-86.135
49.02	-86.07
49.04	-86.057
49.06	-86.074
49.08	-86.087
49.1	-86.087
49.12	-86.091
49.14	-86.074
49.16	-86.057
49.18	-85.991
49.2	-86.035
49.22	-86.048
49.24	-86.118
49.26	-86.126
49.28	-86.131
49.3	-86.087
49.32	-86.07
49.34	-86.105
49.36	-86.135
49.38	-86.131
49.4	-86.109
49.42	-86.087
49.44	-86.118
49.46	-86.091
49.48	-86.109
49.5	-86.105
49.52	-86.087
49.54	-86.109
49.56	-86.109
49.58	-86.07
49.6	-86.074
49.62	-86.096
49.64	-86.109
49.66	-86.105
49.68	-86.126
49.7	-86.144
49.72	-86.139
49.74	-86.078
49.76	-86.074
49.78	-86.096
49.8	-86.118
49.82	-86.157
49.84	-86.139
49.86	-86.122
49.88	-86.118
49.9	-86.087
49.92	-86.1
49.94	-86.096
49.96	-86.113
49.98	-86.139
50	-86.1
50.02	-86.078
50.04	-86.083
50.06	-86.139
50.08	-86.105
50.1	-86.074
50.12	-86.096
50.14	-86.131
50.16	-86.122
50.18	-86.065
50.2	-86.083
50.22	-86.113
50.24	-86.1
50.26	-86.096
50.28	-86.105
50.3	-86.096
50.32	-86.135
50.34	-86.109
50.36	-86.07
50.38	-86.091
50.4	-86.139
50.42	-86.122
50.44	-86.113
50.46	-86.1
50.48	-86.1
50.5	-86.122
50.52	-86.113
50.54	-86.061
50.56	-86.074
50.58	-86.087
50.6	-86.083
50.62	-86.087
50.64	-86.105
50.66	-86.096
50.68	-86.113
50.7	-86.122
50.72	-86.109
50.74	-86.083
50.76	-86.083
50.78	-86.122
50.8	-86.113
50.82	-86.078
50.84	-86.087
50.86	-86.113
50.88	-86.078
50.9	-86.004
50.92	-86.039
50.94	-86.113
50.96	-86.118
50.98	-86.096
51	-86.096
51.02	-86.096
51.04	-86.065
51.06	-86.061
51.08	-86.074
51.1	-86.118
51.12	-86.122
51.14	-86.091
51.16	-86.1
51.18	-86.074
51.2	-86.074
51.22	-86.1
51.24	-86.109
51.26	-86.105
51.28	-86.109
51.3	-86.118
51.32	-86.087
51.34	-86.083
51.36	-86.122
51.38	-86.113
51.4	-86.07
51.42	-86.087
51.44	-86.109
51.46	-86.126
51.48	-86.091
51.5	-86.083
51.52	-86.078
51.54	-86.035
51.56	-86.07
51.58	-86.087
51.6	-86.07
51.62	-86.083
51.64	-86.109
51.66	-86.1
51.68	-86.061
51.7	-86.087
51.72	-86.044
51.74	-86.065
51.76	-86.078
51.78	-86.091
51.8	-86.07
51.82	-86.052
51.84	-86.039
51.86	-86.105
51.88	-86.122
51.9	-86.1
51.92	-86.113
51.94	-86.118
51.96	-86.065
51.98	-86.113
52	-86.144
52.02	-86.083
52.04	-86.096
52.06	-86.065
52.08	-86.078
52.1	-86.105
52.12	-86.096
52.14	-86.061
52.16	-86.074
52.18	-86.096
52.2	-86.113
52.22	-86.091
52.24	-86.052
52.26	-86.078
52.28	-86.091
52.3	-86.091
52.32	-86.083
52.34	-86.091
52.36	-86.087
52.38	-86.07
52.4	-86.105
52.42	-86.087
52.44	-86.109
52.46	-86.087
52.48	-86.096
52.5	-86.113
52.52	-86.096
52.54	-86.07
52.56	-86.065
52.58	-86.1
52.6	-86.1
52.62	-86.122
52.64	-86.118
52.66	-86.096
52.68	-86.1
52.7	-86.091
52.72	-86.039
52.74	-86.052
52.76	-86.091
52.78	-86.122
52.8	-86.083
52.82	-86.07
52.84	-86.087
52.86	-86.1
52.88	-86.109
52.9	-86.078
52.92	-86.091
52.94	-86.065
52.96	-86.07
52.98	-86.078
53	-86.074
53.02	-86.074
53.04	-86.087
53.06	-86.061
53.08	-86.057
53.1	-86.074
53.12	-86.078
53.14	-86.087
53.16	-86.078
53.18	-86.065
53.2	-86.091
53.22	-86.109
53.24	-86.113
53.26	-86.061
53.28	-86.091
53.3	-86.109
53.32	-86.118
53.34	-86.07
53.36	-86.083
53.38	-86.078
53.4	-86.083
53.42	-86.091
53.44	-86.091
53.46	-86.048
53.48	-86.074
53.5	-86.078
53.52	-86.087
53.54	-86.109
53.56	-86.113
53.58	-86.096
53.6	-86.096
53.62	-86.105
53.64	-86.091
53.66	-86.078
53.68	-86.052
53.7	-86.083
53.72	-86.074
53.74	-86.091
53.76	-86.118
53.78	-86.091
53.8	-86.022
53.82	-86.048
53.84	-86.096
53.86	-86.087
53.88	-86.087
53.9	-86.065
53.92	-86.052
53.94	-86.057
53.96	-86.057
53.98	-86.07
54	-86.078
54.02	-86.113
54.04	-86.083
54.06	-86.03
54.08	-86.074
54.1	-86.1
54.12	-86.109
54.14	-86.126
54.16	-86.105
54.18	-86.078
54.2	-86.091
54.22	-86.109
54.24	-86.096
54.26	-86.091
54.28	-86.065
54.3	-86.065
54.32	-86.087
54.34	-86.078
54.36	-86.057
54.38	-86.07
54.4	-86.105
54.42	-86.1
54.44	-86.083
54.46	-86.083
54.48	-86.078
54.5	-86.078
54.52	-86.1
54.54	-86.057
54.56	-86.03
54.58	-86.052
54.6	-86.083
54.62	-86.087
54.64	-86.083
54.66	-86.083
54.68	-86.083
54.7	-86.096
54.72	-86.078
54.74	-86.083
54.76	-86.109
54.78	-86.074
54.8	-86.044
54.82	-86.07
54.84	-86.065
54.86	-86.083
54.88	-86.087
54.9	-86.087
54.92	-86.048
54.94	-86.078
54.96	-86.078
54.98	-86.074
55	-86.07
55.02	-86.096
55.04	-86.1
55.06	-86.074
55.08	-86.07
55.1	-86.061
55.12	-86.083
55.14	-86.052
55.16	-86.074
55.18	-86.052
55.2	-86.07
55.22	-86.061
55.24	-86.044
55.26	-86.096
55.28	-86.096
55.3	-86.057
55.32	-86.105
55.34	-86.109
55.36	-86.091
55.38	-86.048
55.4	-86.052
55.42	-86.074
55.44	-86.091
55.46	-86.087
55.48	-86.065
55.5	-86.078
55.52	-86.074
55.54	-86.065
55.56	-86.091
55.58	-86.078
55.6	-86.07
55.62	-86.074
55.64	-86.083
55.66	-86.083
55.68	-86.052
55.7	-86.083
55.72	-86.083
55.74	-86.074
55.76	-86.083
55.78	-86.074
55.8	-86.061
55.82	-86.065
55.84	-86.096
55.86	-86.078
55.88	-86.091
55.9	-86.109
55.92	-86.096
55.94	-86.065
55.96	-86.083
55.98	-86.083
56	-86.061
56.02	-86.052
56.04	-86.07
56.06	-86.078
56.08	-86.087
56.1	-86.078
56.12	-86.087
56.14	-86.1
56.16	-86.052
56.18	-86.074
56.2	-86.057
56.22	-86.057
56.24	-86.065
56.26	-86.109
56.28	-86.105
56.3	-86.074
56.32	-86.078
56.34	-86.096
56.36	-86.057
56.38	-86.044
56.4	-86.078
56.42	-86.065
56.44	-86.074
56.46	-86.139
56.48	-86.105
56.5	-86.057
56.52	-86.074
56.54	-86.078
56.56	-86.087
56.58	-86.057
56.6	-86.048
56.62	-86.048
56.64	-86.07
56.66	-86.1
56.68	-86.122
56.7	-86.113
56.72	-86.074
56.74	-86.048
56.76	-86.061
56.78	-86.091
56.8	-86.113
56.82	-86.074
56.84	-86.052
56.86	-86.091
56.88	-86.091
56.9	-86.109
56.92	-86.148
56.94	-86.074
56.96	-86.087
56.98	-86.057
57	-86.07
57.02	-86.083
57.04	-86.091
57.06	-86.105
57.08	-86.07
57.1	-86.083
57.12	-86.096
57.14	-86.087
57.16	-86.105
57.18	-86.1
57.2	-86.091
57.22	-86.091
57.24	-86.065
57.26	-86.044
57.28	-86.065
57.3	-86.105
57.32	-86.091
57.34	-86.083
57.36	-86.078
57.38	-86.048
57.4	-86.07
57.42	-86.07
57.44	-86.1
57.46	-86.1
57.48	-86.052
57.5	-86.052
57.52	-86.087
57.54	-86.07
57.56	-86.035
57.58	-86.061
57.6	-86.091
57.62	-86.07
57.64	-86.044
57.66	-86.03
57.68	-86.061
57.7	-86.061
57.72	-86.026
57.74	-86.083
57.76	-86.091
57.78	-86.1
57.8	-86.109
57.82	-86.083
57.84	-86.105
57.86	-86.078
57.88	-86.074
57.9	-86.083
57.92	-86.035
57.94	-86.044
57.96	-86.065
57.98	-86.074
58	-86.057
58.02	-86.044
58.04	-86.044
58.06	-86.044
58.08	-86.083
58.1	-86.065
58.12	-86.118
58.14	-86.083
58.16	-86.061
58.18	-86.048
58.2	-86.044
58.22	-86.052
58.24	-86.065
58.26	-86.074
58.28	-86.091
58.3	-86.096
58.32	-86.1
58.34	-86.078
58.36	-86.048
58.38	-86.061
58.4	-86.07
58.42	-86.07
58.44	-86.07
58.46	-86.087
58.48	-86.083
58.5	-86.048
58.52	-86.078
58.54	-86.087
58.56	-86.065
58.58	-86.061
58.6	-86.061
58.62	-86.057
58.64	-86.07
58.66	-86.07
58.68	-86.061
58.7	-86.048
58.72	-86.061
58.74	-86.061
58.76	-86.109
58.78	-86.087
58.8	-86.039
58.82	-86.078
58.84	-86.091
58.86	-86.078
58.88	-86.087
58.9	-86.105
58.92	-86.052
58.94	-86.074
58.96	-86.109
58.98	-86.07
59	-86.07
59.02	-86.074
59.04	-86.061
59.06	-86.083
59.08	-86.091
59.1	-86.07
59.12	-86.096
59.14	-86.096
59.16	-86.1
59.18	-86.061
59.2	-86.048
59.22	-86.044
59.24	-86.057
59.26	-86.052
59.28	-86.065
59.3	-86.078
59.32	-86.07
59.34	-86.087
59.36	-86.052
59.38	-86.057
59.4	-86.061
59.42	-86.017
59.44	-86.048
59.46	-86.048
59.48	-86.061
59.5	-86.078
59.52	-86.07
59.54	-86.052
59.56	-86.048
59.58	-86.048
59.6	-86.065
59.62	-86.074
59.64	-86.061
59.66	-86.035
59.68	-86.065
59.7	-86.087
59.72	-86.052
59.74	-86.057
59.76	-86.113
59.78	-86.118
59.8	-86.044
59.82	-86.052
59.84	-86.052
59.86	-86.074
59.88	-86.074
59.9	-86.065
59.92	-86.035
59.94	-86.057
59.96	-86.074
59.98	-86.065
60	-86.039
60.02	-86.013
60.04	-86.022
60.06	-86.091
60.08	-86.087
60.1	-86.039
60.12	-86.07
60.14	-86.096
60.16	-86.131
60.18	-86.1
60.2	-86.087
60.22	-86.074
60.24	-86.061
60.26	-86.091
60.28	-86.078
60.3	-86.057
60.32	-86.044
60.34	-86.044
60.36	-86.07
60.38	-86.039
60.4	-86.057
60.42	-86.065
60.44	-86.074
60.46	-86.03
60.48	-86.087
60.5	-86.096
60.52	-86.048
60.54	-86.065
60.56	-86.039
60.58	-86.039
60.6	-86.083
60.62	-86.057
60.64	-86.009
60.66	-86.057
60.68	-86.061
60.7	-86.065
60.72	-86.052
60.74	-86.061
60.76	-86.078
60.78	-86.065
60.8	-86.057
60.82	-86.078
60.84	-86.065
60.86	-86.035
60.88	-86.022
60.9	-86.039
60.92	-86.083
60.94	-86.109
60.96	-86.091
60.98	-86.078
61	-86.052
61.02	-86.048
61.04	-86.07
61.06	-86.048
61.08	-86.057
61.1	-86.065
61.12	-86.048
61.14	-86.057
61.16	-86.07
61.18	-86.078
61.2	-86.07
61.22	-86.004
61.24	-86.022
61.26	-86.074
61.28	-86.105
61.3	-86.083
61.32	-86.065
61.34	-86.061
61.36	-86.074
61.38	-86.061
61.4	-86.048
61.42	-86.074
61.44	-86.07
61.46	-86.057
61.48	-86.052
61.5	-86.004
61.52	-86.035
61.54	-86.07
61.56	-86.035
61.58	-86.013
61.6	-86.065
61.62	-86.083
61.64	-86.074
61.66	-86.035
61.68	-86.048
61.7	-86.044
61.72	-86.026
61.74	-86.044
61.76	-86.026
61.78	-86.048
61.8	-86.057
61.82	-86.07
61.84	-86.044
61.86	-86.061
61.88	-86.039
61.9	-86.039
61.92	-86.083
61.94	-86.035
61.96	-86.03
61.98	-86.039
62	-86.052
62.02	-85.987
62.04	-86.022
62.06	-86.044
62.08	-86.057
62.1	-86.013
62.12	-86.017
62.14	-86.048
62.16	-86.022
62.18	-86.013
62.2	-86.03
62.22	-86.039
62.24	-86.048
62.26	-86.07
62.28	-86.074
62.3	-86.074
62.32	-86.096
62.34	-86.091
62.36	-86.044
62.38	-86.048
62.4	-86.039
62.42	-86.061
62.44	-86.065
62.46	-86.03
62.48	-86.017
62.5	-86.074
62.52	-86.052
62.54	-86.039
62.56	-86.052
62.58	-86.061
62.6	-86.039
62.62	-86.03
62.64	-86.065
62.66	-86.057
62.68	-86.07
62.7	-86.087
62.72	-86.044
62.74	-86.013
62.76	-86.07
62.78	-86.091
62.8	-86.078
62.82	-86.039
62.84	-86.026
62.86	-86.039
62.88	-86.061
62.9	-86.07
62.92	-86.07
62.94	-86.061
62.96	-86.048
62.98	-86.044
63	-86.048
63.02	-86.039
63.04	-86.026
63.06	-86.061
63.08	-86.052
63.1	-86.039
63.12	-86.048
63.14	-86.044
63.16	-86.03
63.18	-86.009
63.2	-86.035
63.22	-86.057
63.24	-86.026
63.26	-86.035
63.28	-86.057
63.3	-86.048
63.32	-86.022
63.34	-86.013
63.36	-86.022
63.38	-86.074
63.4	-86.074
63.42	-86.039
63.44	-86.052
63.46	-86.061
63.48	-86.044
63.5	-86.061
63.52	-86.057
63.54	-86.07
63.56	-86.078
63.58	-86.087
63.6	-86.061
63.62	-86.065
63.64	-86.07
63.66	-86.057
63.68	-86.039
63.7	-86.044
63.72	-86.078
63.74	-86.07
63.76	-86.048
63.78	-86.078
63.8	-86.061
63.82	-86.096
63.84	-86.096
63.86	-86.052
63.88	-86.061
63.9	-86.083
63.92	-86.113
63.94	-86.083
63.96	-86.039
63.98	-86.061
64	-86.074
64.02	-86.083
64.04	-86.07
64.06	-86.078
64.08	-86.039
64.1	-86.013
64.12	-86.039
64.14	-86.035
64.16	-86.07
64.18	-86.035
64.2	-86.057
64.22	-86.061
64.24	-86.039
64.26	-86.07
64.28	-86.087
64.3	-86.07
64.32	-86.039
64.34	-86.039
64.36	-86.044
64.38	-86.048
64.4	-86.022
64.42	-86.022
64.44	-86.035
64.46	-86.052
64.48	-86.035
64.5	-86.03
64.52	-86.065
64.54	-86.061
64.56	-86.035
64.58	-86.048
64.6	-86.048
64.62	-86.1
64.64	-86.057
64.66	-86.039
64.68	-86.044
64.7	-86.048
64.72	-86.039
64.74	-86.026
64.76	-86.052
64.78	-86.078
64.8	-86.07
64.82	-86.074
64.84	-86.048
64.86	-86.044
64.88	-86.03
64.9	-86.044
64.92	-86.096
64.94	-86.078
64.96	-86.052
64.98	-86.052
65	-86.052
65.02	-86.044
65.04	-86.052
65.06	-86.03
65.08	-86.013
65.1	-86.039
65.12	-86.083
65.14	-86.07
65.16	-86.07
65.18	-86.03
65.2	-86.013
65.22	-86.044
65.24	-86.061
65.26	-86.052
65.28	-86.048
65.3	-86.052
65.32	-86.074
65.34	-86.074
65.36	-86.065
65.38	-86.057
65.4	-86.052
65.42	-86.035
65.44	-86.03
65.46	-86.039
65.48	-86.061
65.5	-86.083
65.52	-86.083
65.54	-86.065
65.56	-86.026
65.58	-86.039
65.6	-86.061
65.62	-86.052
65.64	-86.057
65.66	-86.022
65.68	-86.013
65.7	-86.017
65.72	-86.048
65.74	-86.061
65.76	-86.07
65.78	-86.039
65.8	-86.048
65.82	-86.009
65.84	-86.039
65.86	-86.057
65.88	-86.03
65.9	-86.009
65.92	-86.048
65.94	-86.07
65.96	-86.052
65.98	-86.017
66	-85.996
66.02	-86.009
66.04	-86.022
66.06	-86.035
66.08	-86.035
66.1	-86.057
66.12	-86.057
66.14	-86.1
66.16	-86.096
66.18	-86.078
66.2	-86.035
66.22	-86.035
66.24	-86.035
66.26	-86.022
66.28	-86.048
66.3	-86.035
66.32	-86.048
66.34	-86.061
66.36	-86.048
66.38	-86.065
66.4	-86.061
66.42	-86.057
66.44	-86.074
66.46	-86.096
66.48	-86.039
66.5	-86.009
66.52	-86.026
66.54	-86.052
66.56	-86.052
66.58	-86.057
66.6	-86.048
66.62	-86.044
66.64	-86.052
66.66	-86.017
66.68	-86.013
66.7	-86.044
66.72	-86.052
66.74	-86.048
66.76	-86.013
66.78	-86.052
66.8	-86.083
66.82	-86.109
66.84	-86.061
66.86	-86.022
66.88	-86.009
66.9	-86.026
66.92	-86.004
66.94	-86.026
66.96	-86.048
66.98	-86.03
67	-86.03
67.02	-86.022
67.04	-86.035
67.06	-86.048
67.08	-86.022
67.1	-86.013
67.12	-86.065
67.14	-86.096
67.16	-86.039
67.18	-86.022
67.2	-86.061
67.22	-86.074
67.24	-86.048
67.26	-86.057
67.28	-86.074
67.3	-86.083
67.32	-86.057
67.34	-86.009
67.36	-85.996
67.38	-86.052
67.4	-86.091
67.42	-86.083
67.44	-86.118
67.46	-86.07
67.48	-86.009
67.5	-86.039
67.52	-86.07
67.54	-86.048
67.56	-86.013
67.58	-86.009
67.6	-86.061
67.62	-86.048
67.64	-86.083
67.66	-86.122
67.68	-86.087
67.7	-86.057
67.72	-86.039
67.74	-86.022
67.76	-86.035
67.78	-86.03
67.8	-86.039
67.82	-86.044
67.84	-86.044
67.86	-86.039
67.88	-86.061
67.9	-86.052
67.92	-86
67.94	-86.017
67.96	-86.009
67.98	-86.035
68	-86.07
68.02	-86.061
68.04	-86.03
68.06	-86.026
68.08	-86.057
68.1	-86.074
68.12	-86.057
68.14	-86.061
68.16	-86.065
68.18	-86.039
68.2	-86.009
68.22	-85.991
68.24	-85.991
68.26	-86.026
68.28	-86.083
68.3	-86.065
68.32	-86.017
68.34	-86.026
68.36	-86.039
68.38	-86.026
68.4	-86.07
68.42	-86.048
68.44	-86.052
68.46	-86.065
68.48	-86.065
68.5	-86.03
68.52	-86.013
68.54	-86.026
68.56	-86.035
68.58	-86.096
68.6	-86.096
68.62	-86.065
68.64	-86.065
68.66	-86.065
68.68	-86.057
68.7	-86.026
68.72	-86.026
68.74	-86.039
68.76	-86.07
68.78	-86.009
68.8	-86
68.82	-86.039
68.84	-86.061
68.86	-86.087
68.88	-86.057
68.9	-86.065
68.92	-86.03
68.94	-86.03
68.96	-86.061
68.98	-86.039
69	-86.013
69.02	-86.026
69.04	-86.078
69.06	-86.122
69.08	-86.118
69.1	-86.065
69.12	-86.044
69.14	-86.052
69.16	-86.039
69.18	-86.061
69.2	-86.087
69.22	-86.026
69.24	-86.03
69.26	-86.057
69.28	-86.03
69.3	-86.044
69.32	-86.057
69.34	-86.07
69.36	-86.074
69.38	-86.065
69.4	-86.052
69.42	-86.03
69.44	-86.035
69.46	-86.048
69.48	-86.035
69.5	-86.044
69.52	-86.052
69.54	-86.057
69.56	-86.048
69.58	-86.07
69.6	-86.083
69.62	-86.074
69.64	-86.057
69.66	-86.03
69.68	-86.035
69.7	-86.044
69.72	-86.035
69.74	-86.044
69.76	-86.039
69.78	-86.044
69.8	-86.039
69.82	-86.017
69.84	-86.022
69.86	-86.057
69.88	-86.048
69.9	-86.035
69.92	-86.035
69.94	-86.03
69.96	-86.035
69.98	-86.009
70	-86.013
70.02	-86.039
70.04	-86.065
70.06	-86.083
70.08	-86.083
70.1	-86.083
70.12	-86.07
70.14	-86.096
70.16	-86.109
70.18	-86.039
70.2	-86.052
70.22	-86.052
70.24	-86.035
70.26	-86.057
70.28	-86.052
70.3	-86.065
70.32	-86.044
70.34	-86.009
70.36	-86.017
70.38	-86.048
70.4	-86.026
70.42	-86.026
70.44	-86.013
70.46	-86.017
70.48	-86.013
70.5	-86.039
70.52	-86.061
70.54	-86.022
70.56	-86.061
70.58	-86.013
70.6	-85.978
70.62	-86.03
70.64	-86.057
70.66	-86.052
70.68	-86.07
70.7	-86.074
70.72	-86.052
70.74	-86.065
70.76	-86.044
70.78	-86.03
70.8	-86.048
70.82	-86.039
70.84	-86.022
70.86	-86.039
70.88	-86.035
70.9	-86.048
70.92	-86.07
70.94	-86.048
70.96	-86.022
70.98	-85.987
71	-86.048
71.02	-86.057
71.04	-86.03
71.06	-86.017
71.08	-86.061
71.1	-86.052
71.12	-86.052
71.14	-86.044
71.16	-86.048
71.18	-86.048
71.2	-85.996
71.22	-86.013
71.24	-86.026
71.26	-86.048
71.28	-86.035
71.3	-86.048
71.32	-86.03
71.34	-86.017
71.36	-86.035
71.38	-86.061
71.4	-86.074
71.42	-86.052
71.44	-86.044
71.46	-86.057
71.48	-86.044
71.5	-86.039
71.52	-86.078
71.54	-86.044
71.56	-86.044
71.58	-86.039
71.6	-86.052
71.62	-86.039
71.64	-86.03
71.66	-86.052
71.68	-86.052
71.7	-86.044
71.72	-86.057
71.74	-86.004
71.76	-86
71.78	-86.057
71.8	-86.057
71.82	-86.07
71.84	-86.017
71.86	-86.039
71.88	-86.044
71.9	-86.035
71.92	-86.057
71.94	-86.061
71.96	-86.074
71.98	-86.035
72	-86.026
72.02	-86.035
72.04	-86.039
72.06	-86.048
72.08	-86.022
72.1	-86.022
72.12	-86.026
72.14	-86.044
72.16	-86.048
72.18	-86.065
72.2	-86.03
72.22	-85.987
72.24	-86.013
72.26	-86.013
72.28	-86.044
72.3	-86.061
72.32	-86.035
72.34	-86.026
72.36	-85.978
72.38	-86.004
72.4	-86.061
72.42	-86.083
72.44	-86.074
72.46	-86.078
72.48	-86.065
72.5	-86.039
72.52	-86.009
72.54	-85.996
72.56	-86.026
72.58	-86.061
72.6	-86.07
72.62	-86.03
72.64	-86.009
72.66	-86.026
72.68	-86.022
72.7	-86.03
72.72	-86.044
72.74	-86.044
72.76	-86.057
72.78	-86.039
72.8	-86.044
72.82	-86.07
72.84	-86.083
72.86	-86.048
72.88	-86.039
72.9	-86.035
72.92	-86.022
72.94	-86.035
72.96	-86.009
72.98	-86.013
73	-86.044
73.02	-86.039
73.04	-86.035
73.06	-86.017
73.08	-86.035
73.1	-86.052
73.12	-86.039
73.14	-86.022
73.16	-86.052
73.18	-86.035
73.2	-86.03
73.22	-86.004
73.24	-85.987
73.26	-86.026
73.28	-86.07
73.3	-86.044
73.32	-86.044
73.34	-86.035
73.36	-86.026
73.38	-86.061
73.4	-86.026
73.42	-86.044
73.44	-86.048
73.46	-86.057
73.48	-86.017
73.5	-86.052
73.52	-86.096
73.54	-86.074
73.56	-86.035
73.58	-86.044
73.6	-86.035
73.62	-86.061
73.64	-86.044
73.66	-86.052
73.68	-86.044
73.7	-86.052
73.72	-86.026
73.74	-86.017
73.76	-86.022
73.78	-86.004
73.8	-86.017
73.82	-86.061
73.84	-86.052
73.86	-86.039
73.88	-86.044
73.9	-86.039
73.92	-86.009
73.94	-86.03
73.96	-86.004
73.98	-86.013
74	-86.061
74.02	-86.083
74.04	-86.065
74.06	-86.057
74.08	-86.039
74.1	-86.039
74.12	-86.039
74.14	-86.065
74.16	-86.083
74.18	-86.048
74.2	-85.987
74.22	-86.013
74.24	-86.044
74.26	-86.039
74.28	-86.022
74.3	-86.03
74.32	-86.039
74.34	-86.07
74.36	-86.052
74.38	-86.057
74.4	-86.057
74.42	-86.083
74.44	-86.1
74.46	-86.039
74.48	-86.013
74.5	-86.026
74.52	-86.061
74.54	-86.07
74.56	-86.039
74.58	-86.035
74.6	-86.044
74.62	-86.074
74.64	-86.061
74.66	-86.065
74.68	-86.065
74.7	-86.044
74.72	-86.044
74.74	-86.052
74.76	-86.065
74.78	-86.048
74.8	-86.03
74.82	-86.03
74.84	-86.044
74.86	-86.07
74.88	-86.087
74.9	-86.087
74.92	-86.044
74.94	-86.052
74.96	-86.052
74.98	-86.013
75	-86.044
75.02	-86.074
75.04	-86.065
75.06	-86.048
75.08	-86.057
75.1	-86.009
75.12	-86.013
75.14	-86.026
75.16	-86.026
75.18	-86
75.2	-86.013
75.22	-86.03
75.24	-86.048
75.26	-86.044
75.28	-86.065
75.3	-86.057
75.32	-86.061
75.34	-86.078
75.36	-86.048
75.38	-86.026
75.4	-86.03
75.42	-86.009
75.44	-86.013
75.46	-86.013
75.48	-86.074
75.5	-86.065
75.52	-86.048
75.54	-86.048
75.56	-86.052
75.58	-86.039
75.6	-86.083
75.62	-86.074
75.64	-86.052
75.66	-86.022
75.68	-86.004
75.7	-86.004
75.72	-86.03
75.74	-86.035
75.76	-86.052
75.78	-86.057
75.8	-86.048
75.82	-86.061
75.84	-86.03
75.86	-86.057
75.88	-86.044
75.9	-86.004
75.92	-86.017
75.94	-86.052
75.96	-86.065
75.98	-86.044
76	-86.057
76.02	-86.035
76.04	-86.052
76.06	-86.052
76.08	-86.078
76.1	-86.057
76.12	-86.065
76.14	-86.091
76.16	-86.096
76.18	-86.039
76.2	-86.026
76.22	-86.048
76.24	-86.052
76.26	-86.07
76.28	-86.07
76.3	-86.048
76.32	-86.048
76.34	-86.061
76.36	-86.03
76.38	-86.009
76.4	-86.044
76.42	-86.074
76.44	-86.065
76.46	-86.039
76.48	-86.048
76.5	-86.061
76.52	-86.065
76.54	-86.052
76.56	-86.035
76.58	-86.026
76.6	-86.039
76.62	-86.039
76.64	-86.03
76.66	-86.022
76.68	-86.048
76.7	-86.07
76.72	-86.078
76.74	-86.083
76.76	-86.078
76.78	-86.044
76.8	-86.039
76.82	-86.048
76.84	-86.026
76.86	-86
76.88	-86.039
76.9	-86.048
76.92	-86.091
76.94	-86.057
76.96	-86.017
76.98	-86.026
77	-86.039
77.02	-86.03
77.04	-86.039
77.06	-86.052
77.08	-86.052
77.1	-86.048
77.12	-86.022
77.14	-86.035
77.16	-86.044
77.18	-86.057
77.2	-86.026
77.22	-86.026
77.24	-86.044
77.26	-86.048
77.28	-86.044
77.3	-86.057
77.32	-86.061
77.34	-86.039
77.36	-86.057
77.38	-86.039
77.4	-86.03
77.42	-86.013
77.44	-86.03
77.46	-86.074
77.48	-86.074
77.5	-86.052
77.52	-86.057
77.54	-86.044
77.56	-86.013
77.58	-86.048
77.6	-86.087
77.62	-86.052
77.64	-86.022
77.66	-86.057
77.68	-86.074
77.7	-86.096
77.72	-86.061
77.74	-86.03
77.76	-86.026
77.78	-86.048
77.8	-86.048
77.82	-86.039
77.84	-86.044
77.86	-86.03
77.88	-86.044
77.9	-86.039
77.92	-86.052
77.94	-86.074
77.96	-86.087
77.98	-86.1
78	-86.061
78.02	-86.035
78.04	-86.03
78.06	-86.039
78.08	-86.07
78.1	-86.074
78.12	-86.07
78.14	-86.078
78.16	-86.061
78.18	-86.074
78.2	-86.078
78.22	-86.026
78.24	-86.022
78.26	-86.065
78.28	-86.078
78.3	-86.065
78.32	-86.061
78.34	-86.057
78.36	-86.039
78.38	-86.026
78.4	-86.057
78.42	-86.035
78.44	-86.074
78.46	-86.057
78.48	-86.052
78.5	-86.048
78.52	-86.052
78.54	-86.091
78.56	-86.091
78.58	-86.096
78.6	-86.074
78.62	-86.039
78.64	-86.022
78.66	-85.974
78.68	-86.035
78.7	-86.078
78.72	-86.061
78.74	-86.048
78.76	-86.026
78.78	-86.061
78.8	-86.07
78.82	-86.017
78.84	-86.035
78.86	-86.035
78.88	-86.039
78.9	-86.044
78.92	-86.065
78.94	-86.057
78.96	-85.991
78.98	-86.009
79	-86.052
79.02	-86.052
79.04	-86.026
79.06	-86.035
79.08	-86.044
79.1	-86.048
79.12	-86.017
79.14	-86.03
79.16	-86.039
79.18	-86.022
79.2	-86.048
79.22	-86.048
79.24	-86.022
79.26	-86.03
79.28	-86.048
79.3	-86.061
79.32	-86.065
79.34	-86.022
79.36	-86.039
79.38	-86.07
79.4	-86.057
79.42	-86.074
79.44	-86.035
79.46	-86.048
79.48	-86.044
79.5	-86.013
79.52	-86.03
79.54	-86.03
79.56	-86.048
79.58	-86.039
79.6	-86.039
79.62	-86.048
79.64	-86.07
79.66	-86.044
79.68	-86.035
79.7	-86.022
79.72	-86.03
79.74	-86.039
79.76	-86.039
79.78	-86.065
79.8	-86.057
79.82	-86.03
79.84	-86.057
79.86	-86.061
79.88	-86.074
79.9	-86.035
79.92	-86.035
79.94	-86.065
79.96	-86.048
79.98	-86.03
80	-86.039
80.02	-86.035
80.04	-86.057
80.06	-86.057
80.08	-86.065
80.1	-86.065
80.12	-86.052
80.14	-86.03
80.16	-86.07
80.18	-86.083
80.2	-86.035
80.22	-86.022
80.24	-86.026
80.26	-86.074
80.28	-86.074
80.3	-86.074
80.32	-86.057
80.34	-86.039
80.36	-86.048
80.38	-86.039
80.4	-86.044
80.42	-86.022
80.44	-86.048
80.46	-86.065
80.48	-86.087
80.5	-86.03
80.52	-86.004
80.54	-86.052
80.56	-86.078
80.58	-86.035
80.6	-86.013
80.62	-86.026
80.64	-86.057
80.66	-86.061
80.68	-86.022
80.7	-86.057
80.72	-86.057
80.74	-86.07
80.76	-86.035
80.78	-86.061
80.8	-86.1
80.82	-86.057
80.84	-86.026
80.86	-85.996
80.88	-86.022
80.9	-86.026
80.92	-86.065
80.94	-86.057
80.96	-86.065
80.98	-86.091
81	-86.022
81.02	-86.03
81.04	-86.057
81.06	-86.048
81.08	-86.026
81.1	-86.052
81.12	-86.078
81.14	-86.048
81.16	-86.044
81.18	-86.039
81.2	-86.004
81.22	-86.026
81.24	-86.074
81.26	-86.044
81.28	-86.048
81.3	-86.039
81.32	-86.061
81.34	-86.035
81.36	-86.022
81.38	-86.026
81.4	-86.044
81.42	-86.035
81.44	-86.044
81.46	-86.07
81.48	-86.061
81.5	-86.057
81.52	-86.044
81.54	-86.039
81.56	-86.013
81.58	-86.026
81.6	-86.03
81.62	-86.03
81.64	-86.013
81.66	-86.078
81.68	-86.048
81.7	-86.035
81.72	-86.022
81.74	-86.022
81.76	-86.035
81.78	-86.013
81.8	-86
81.82	-86.013
81.84	-85.996
81.86	-85.978
81.88	-86.013
81.9	-86
81.92	-86
81.94	-86.013
81.96	-86.026
81.98	-86.017
82	-86.009
82.02	-86.039
82.04	-86.039
82.06	-86.013
82.08	-86.052
82.1	-86.052
82.12	-86.048
82.14	-85.996
82.16	-86.026
82.18	-86
82.2	-86.017
82.22	-86
82.24	-86.009
82.26	-86.048
82.28	-86.035
82.3	-86.004
82.32	-86.017
82.34	-86.044
82.36	-86.022
82.38	-86.013
82.4	-86.039
82.42	-86.044
82.44	-86.035
82.46	-86.035
82.48	-86.03
82.5	-85.978
82.52	-86.013
82.54	-86.022
82.56	-86.039
82.58	-86.035
82.6	-86.004
82.62	-85.991
82.64	-86.026
82.66	-86.044
82.68	-86.057
82.7	-86.009
82.72	-86.013
82.74	-86.039
82.76	-86.039
82.78	-86.052
82.8	-86.004
82.82	-86.009
82.84	-86.035
82.86	-86.022
82.88	-86.052
82.9	-86.078
82.92	-86.03
82.94	-86.013
82.96	-86.035
82.98	-86.057
83	-86.057
83.02	-86.03
83.04	-86.03
83.06	-86.039
83.08	-86.048
83.1	-86.039
83.12	-86.057
83.14	-86.052
83.16	-86.039
83.18	-86.03
83.2	-86.013
83.22	-86.022
83.24	-86.052
83.26	-86.091
83.28	-86.048
83.3	-86.052
83.32	-86.03
83.34	-86.013
83.36	-86.022
83.38	-86.017
83.4	-86.039
83.42	-86.026
83.44	-86.004
83.46	-86.035
83.48	-86.044
83.5	-86.022
83.52	-86.026
83.54	-86.052
83.56	-86.039
83.58	-86.065
83.6	-86.087
83.62	-86.065
83.64	-86.039
83.66	-85.987
83.68	-86.026
83.7	-86.035
83.72	-86.022
83.74	-86.013
83.76	-86.052
83.78	-86.044
83.8	-86.052
83.82	-86.109
83.84	-86.057
83.86	-86.013
83.88	-86.039
83.9	-86.065
83.92	-86.083
83.94	-86.022
83.96	-86.03
83.98	-86.048
84	-86.052
84.02	-86.061
84.04	-86.035
84.06	-86.052
84.08	-86.052
84.1	-86.057
84.12	-86.083
84.14	-86.07
84.16	-86.048
84.18	-86.065
84.2	-86.039
84.22	-86.026
84.24	-86.035
84.26	-86.044
84.28	-86.048
84.3	-86.061
84.32	-86.052
84.34	-86.03
84.36	-86.004
84.38	-86.013
84.4	-86.009
84.42	-86.004
84.44	-86.017
84.46	-86.048
84.48	-86.061
84.5	-86.065
84.52	-86.044
84.54	-86.07
84.56	-86.039
84.58	-86.044
84.6	-86.065
84.62	-86.035
84.64	-85.982
84.66	-86.022
84.68	-86.052
84.7	-86.026
84.72	-86.009
84.74	-86.022
84.76	-86.035
84.78	-86.035
84.8	-86.052
84.82	-86.074
84.84	-86.03
84.86	-86.026
84.88	-86.039
84.9	-86.061
84.92	-86.048
84.94	-86.052
84.96	-86.044
84.98	-86.057
85	-86.044
85.02	-86.035
85.04	-86.057
85.06	-86.035
85.08	-86.035
85.1	-86.057
85.12	-86.052
85.14	-86.065
85.16	-86.035
85.18	-86.022
85.2	-86.035
85.22	-86.004
85.24	-85.991
85.26	-86.004
85.28	-86.035
85.3	-86.022
85.32	-86.035
85.34	-86.039
85.36	-86.013
85.38	-86.03
85.4	-86.039
85.42	-86.039
85.44	-86.083
85.46	-86.07
85.48	-86.052
85.5	-86.057
85.52	-86.039
85.54	-86.057
85.56	-86.044
85.58	-86.044
85.6	-86.078
85.62	-86.035
85.64	-86.035
85.66	-86.061
85.68	-86.078
85.7	-86.057
85.72	-86.026
85.74	-86.013
85.76	-86.026
85.78	-86.039
85.8	-86.083
85.82	-86.065
85.84	-86.065
85.86	-86.07
85.88	-86.07
85.9	-86.039
85.92	-86.07
85.94	-86.065
85.96	-86.052
85.98	-86.061
86	-86.035
86.02	-86.013
86.04	-86.004
86.06	-86.035
86.08	-86.061
86.1	-86.052
86.12	-86.039
86.14	-86.03
86.16	-86.061
86.18	-86.048
86.2	-86.044
86.22	-86.03
86.24	-86.03
86.26	-86.035
86.28	-86.017
86.3	-86.044
86.32	-86.044
86.34	-86.039
86.36	-86.03
86.38	-86.061
86.4	-86.074
86.42	-86.039
86.44	-86.052
86.46	-86.07
86.48	-86.07
86.5	-86.087
86.52	-86.048
86.54	-86.017
86.56	-86.044
86.58	-86.044
86.6	-86.03
86.62	-86.083
86.64	-86.083
86.66	-86.057
86.68	-86.065
86.7	-86.035
86.72	-86.03
86.74	-86
86.76	-86.013
86.78	-86.004
86.8	-86.017
86.82	-86.048
86.84	-86.052
86.86	-86.044
86.88	-86.065
86.9	-86.065
86.92	-86.057
86.94	-86.026
86.96	-86.03
86.98	-86.022
87	-86.061
87.02	-86.039
87.04	-86.03
87.06	-86.061
87.08	-86.083
87.1	-86.044
87.12	-86.013
87.14	-86.048
87.16	-86.017
87.18	-86.017
87.2	-86.022
87.22	-86.013
87.24	-86.009
87.26	-86.039
87.28	-86.03
87.3	-86.013
87.32	-86.022
87.34	-86.017
87.36	-86.022
87.38	-86.009
87.4	-86.022
87.42	-86.03
87.44	-86.035
87.46	-86.035
87.48	-86.026
87.5	-86.035
87.52	-86.048
87.54	-86.039
87.56	-86.065
87.58	-86.065
87.6	-86.052
87.62	-86.004
87.64	-85.965
87.66	-86.004
87.68	-85.991
87.7	-86.013
87.72	-86.03
87.74	-85.991
87.76	-86.013
87.78	-86.004
87.8	-86.048
87.82	-86.065
87.84	-86.039
87.86	-85.996
87.88	-85.996
87.9	-86.017
87.92	-86.035
87.94	-86.057
87.96	-86.039
87.98	-86.044
88	-86.013
88.02	-86.022
88.04	-86.009
88.06	-86.013
88.08	-86.013
88.1	-86.03
88.12	-86.039
88.14	-86.022
88.16	-86.017
88.18	-86.026
88.2	-86.057
88.22	-85.996
88.24	-85.996
88.26	-86.048
88.28	-86.07
88.3	-86.035
88.32	-86.017
88.34	-86.004
88.36	-86.009
88.38	-86.022
88.4	-86.035
88.42	-86.022
88.44	-86.026
88.46	-86.004
88.48	-85.978
88.5	-85.965
88.52	-86.022
88.54	-86.061
88.56	-86.017
88.58	-86.004
88.6	-85.991
88.62	-86.009
88.64	-86.03
88.66	-86.039
88.68	-86.03
88.7	-86.039
88.72	-86.035
88.74	-86.035
88.76	-86.026
88.78	-86.03
88.8	-86.048
88.82	-86.022
88.84	-86.013
88.86	-86.052
88.88	-86.057
88.9	-86.026
88.92	-86.026
88.94	-86.009
88.96	-86.013
88.98	-86.017
89	-86.009
89.02	-86.039
89.04	-86.035
89.06	-86.026
89.08	-86.039
89.1	-86.048
89.12	-86.039
89.14	-86.035
89.16	-85.982
89.18	-85.991
89.2	-86.052
89.22	-86.052
89.24	-85.991
89.26	-85.991
89.28	-86
89.3	-86.052
89.32	-86.035
89.34	-86.013
89.36	-85.978
89.38	-85.965
89.4	-85.974
89.42	-85.996
89.44	-86.03
89.46	-86.026
89.48	-86.026
89.5	-85.987
89.52	-86.004
89.54	-86.03
89.56	-86.048
89.58	-86.048
89.6	-86.035
89.62	-86.03
89.64	-86.022
89.66	-86.004
89.68	-85.996
89.7	-86.035
89.72	-86.048
89.74	-86.039
89.76	-86.048
89.78	-86.03
89.8	-86.035
89.82	-86.061
89.84	-86.03
89.86	-86.026
89.88	-86.026
89.9	-86.017
89.92	-86.039
89.94	-86.026
89.96	-86.026
89.98	-86.009
90	-86.004
90.02	-86.017
90.04	-86.026
90.06	-86.044
90.08	-86.026
90.1	-86.061
90.12	-86.048
90.14	-85.991
90.16	-86.03
90.18	-86.035
90.2	-86.013
90.22	-86.009
90.24	-86.035
90.26	-86.078
90.28	-86.083
90.3	-86.061
90.32	-86.044
90.34	-86.065
90.36	-86.035
90.38	-86.022
90.4	-86.017
90.42	-86.013
90.44	-86.013
90.46	-86.022
90.48	-86.065
90.5	-86.052
90.52	-86.013
90.54	-86.039
90.56	-86.03
90.58	-86.009
90.6	-86.013
90.62	-86.009
90.64	-86.004
90.66	-86.013
90.68	-86.057
90.7	-86.065
90.72	-86.052
90.74	-86.013
90.76	-86.035
90.78	-86.057
90.8	-86.035
90.82	-86.004
90.84	-86.009
90.86	-86.061
90.88	-86.022
90.9	-86.052
90.92	-86.03
90.94	-86.057
90.96	-86.078
90.98	-86.052
91	-86.035
91.02	-86.035
91.04	-85.991
91.06	-86.017
91.08	-86.017
91.1	-86.013
91.12	-85.991
91.14	-86.022
91.16	-86.009
91.18	-85.996
91.2	-85.991
91.22	-86.009
91.24	-86.004
91.26	-86.026
91.28	-86.013
91.3	-86.013
91.32	-86.004
91.34	-86.039
91.36	-86.004
91.38	-86.022
91.4	-86.022
91.42	-86.022
91.44	-85.991
91.46	-85.969
91.48	-86.022
91.5	-86.022
91.52	-85.982
91.54	-86.022
91.56	-86.07
91.58	-86.044
91.6	-86.035
91.62	-86.03
91.64	-86
91.66	-86.013
91.68	-85.987
91.7	-86.004
91.72	-85.978
91.74	-86.035
91.76	-86.052
91.78	-86.026
91.8	-85.996
91.82	-86.009
91.84	-86.061
91.86	-86.048
91.88	-86.035
91.9	-86.044
91.92	-86.03
91.94	-86.022
91.96	-86.061
91.98	-86.052
92	-85.991
92.02	-86.013
92.04	-86.03
92.06	-85.978
92.08	-86.035
92.1	-86.057
92.12	-86.017
92.14	-86.009
92.16	-86.035
92.18	-86.009
92.2	-86.009
92.22	-86
92.24	-86.004
92.26	-86.039
92.28	-86.057
92.3	-86.035
92.32	-86.039
92.34	-86.03
92.36	-86.026
92.38	-86.026
92.4	-86.044
92.42	-86
92.44	-86.03
92.46	-86.035
92.48	-86.035
92.5	-86.057
92.52	-86.057
92.54	-86.07
92.56	-86.048
92.58	-86.004
92.6	-86.03
92.62	-86.026
92.64	-86.017
92.66	-86.035
92.68	-86.017
92.7	-86.013
92.72	-86.065
92.74	-86.087
92.76	-86.039
92.78	-86.03
92.8	-86.07
92.82	-86.044
92.84	-86.026
92.86	-86.044
92.88	-86.039
92.9	-86.048
92.92	-86.035
92.94	-86.039
92.96	-86.07
92.98	-86.035
93	-86.035
93.02	-86.013
93.04	-85.996
93.06	-86.048
93.08	-86.057
93.1	-86.035
93.12	-86.013
93.14	-86.035
93.16	-86.061
93.18	-86.052
93.2	-86.044
93.22	-86.061
93.24	-86.065
93.26	-86.087
93.28	-86.044
93.3	-86.009
93.32	-86.061
93.34	-86.057
93.36	-86.039
93.38	-86.039
93.4	-86.052
93.42	-86.035
93.44	-86.03
93.46	-86.052
93.48	-86.065
93.5	-86.03
93.52	-86.009
93.54	-86.044
93.56	-86.057
93.58	-86.074
93.6	-86.083
93.62	-86.048
93.64	-86.017
93.66	-86.004
93.68	-86.048
93.7	-86.022
93.72	-86.013
93.74	-86.022
93.76	-85.996
93.78	-86.017
93.8	-86.009
93.82	-86.022
93.84	-86.039
93.86	-86.026
93.88	-86.026
93.9	-86.061
93.92	-86.057
93.94	-86.039
93.96	-86.035
93.98	-86.061
94	-86.052
94.02	-86.048
94.04	-86.039
94.06	-86.035
94.08	-86.044
94.1	-86.052
94.12	-86.035
94.14	-86.074
94.16	-86.087
94.18	-86.048
94.2	-86.083
94.22	-86.087
94.24	-86.083
94.26	-86.039
94.28	-86.022
94.3	-86.039
94.32	-86.044
94.34	-86.078
94.36	-86.065
94.38	-86.009
94.4	-86.048
94.42	-86.065
94.44	-86.07
94.46	-86.052
94.48	-86.039
94.5	-86.017
94.52	-86.03
94.54	-86.044
94.56	-86.048
94.58	-86.026
94.6	-86.017
94.62	-86
94.64	-86.026
94.66	-86.048
94.68	-86.03
94.7	-86.048
94.72	-86.048
94.74	-86.065
94.76	-86.048
94.78	-86.035
94.8	-86.044
94.82	-86.048
94.84	-86.035
94.86	-86.03
94.88	-86.026
94.9	-86.03
94.92	-86.052
94.94	-86.03
94.96	-86.03
94.98	-86.035
95	-86.026
95.02	-86.004
95.04	-86.039
95.06	-86.048
95.08	-86.065
95.1	-86.061
95.12	-86.044
95.14	-86.026
95.16	-86.039
95.18	-86.057
95.2	-86.039
95.22	-86.03
95.24	-86.03
95.26	-86.048
95.28	-86.03
95.3	-86.026
95.32	-86.03
95.34	-86.039
95.36	-86.048
95.38	-86.044
95.4	-86.044
95.42	-86.026
95.44	-86.03
95.46	-86.013
95.48	-86.022
95.5	-86.017
95.52	-86.044
95.54	-86.052
95.56	-86.035
95.58	-86.017
95.6	-86.03
95.62	-86.057
95.64	-86.022
95.66	-85.991
95.68	-86.035
95.7	-86.026
95.72	-86.022
95.74	-86.026
95.76	-86.026
95.78	-86.035
95.8	-86.022
95.82	-86.026
95.84	-86.004
95.86	-86.022
95.88	-86.017
95.9	-86.035
95.92	-86.078
95.94	-86.061
95.96	-86.03
95.98	-86
96	-86.044
96.02	-86.039
96.04	-86.022
96.06	-86.004
96.08	-86.009
96.1	-86.026
96.12	-86.035
96.14	-86.061
96.16	-86.026
96.18	-86.026
96.2	-86.061
96.22	-86.052
96.24	-86.03
96.26	-86.044
96.28	-86.004
96.3	-86.026
96.32	-86.057
96.34	-86.03
96.36	-86.009
96.38	-86.035
96.4	-86.026
96.42	-86.026
96.44	-86.048
96.46	-86.026
96.48	-86.026
96.5	-86.061
96.52	-86.017
96.54	-86.03
96.56	-86.039
96.58	-86.039
96.6	-86.03
96.62	-86.017
96.64	-86.017
96.66	-86.013
96.68	-86.03
96.7	-86.039
96.72	-86.026
96.74	-85.996
96.76	-86.017
96.78	-86.044
96.8	-86.057
96.82	-86.035
96.84	-86.013
96.86	-86.022
96.88	-86.057
96.9	-86.061
96.92	-86.044
96.94	-86.035
96.96	-86.052
96.98	-86.057
97	-86.039
97.02	-86.009
97.04	-86.017
97.06	-86.035
97.08	-86.022
97.1	-86
97.12	-86.022
97.14	-86.061
97.16	-86.057
97.18	-86.03
97.2	-86.061
97.22	-86.061
97.24	-86.039
97.26	-86.039
97.28	-86.013
97.3	-86.039
97.32	-86.044
97.34	-86.039
97.36	-86.03
97.38	-86.061
97.4	-86.044
97.42	-86.048
97.44	-85.996
97.46	-86.026
97.48	-86.035
97.5	-86.009
97.52	-85.996
97.54	-86.004
97.56	-86.039
97.58	-86.07
97.6	-86.022
97.62	-86.009
97.64	-86.013
97.66	-86.044
97.68	-86.065
97.7	-86.048
97.72	-86.065
97.74	-86.091
97.76	-86.078
97.78	-86.039
97.8	-86.065
97.82	-86.096
97.84	-86.078
97.86	-86.03
97.88	-86.017
97.9	-86.013
97.92	-86.039
97.94	-86.07
97.96	-86.078
97.98	-86.048
98	-86.052
98.02	-86.044
98.04	-86.03
98.06	-86.048
98.08	-86.065
98.1	-86.035
98.12	-86.004
98.14	-86.026
98.16	-86.057
98.18	-86.074
98.2	-86.048
98.22	-86.03
98.24	-86.017
98.26	-86.057
98.28	-86.074
98.3	-86.061
98.32	-86.074
98.34	-86.022
98.36	-86.009
98.38	-86.044
98.4	-86.061
98.42	-86.026
98.44	-86.052
98.46	-86.026
98.48	-86.044
98.5	-86.074
98.52	-86.035
98.54	-86.044
98.56	-86.004
98.58	-85.996
98.6	-86.03
98.62	-86.057
98.64	-86.039
98.66	-86.009
98.68	-86
98.7	-86.026
98.72	-86.03
98.74	-86.03
98.76	-86.039
98.78	-86.026
98.8	-86.035
98.82	-86.035
98.84	-86.035
98.86	-86.057
98.88	-86.017
98.9	-85.974
98.92	-85.991
98.94	-85.996
98.96	-86
98.98	-86.004
99	-86.048
99.02	-86.052
99.04	-86.026
99.06	-86.004
99.08	-86.03
99.1	-85.991
99.12	-85.991
99.14	-86.009
99.16	-86
99.18	-86.039
99.2	-86.048
99.22	-86.035
99.24	-86.044
99.26	-86.039
99.28	-86.017
99.3	-86.022
99.32	-86.035
99.34	-86.03
99.36	-86
99.38	-86.004
99.4	-86.004
99.42	-86.026
99.44	-86.044
99.46	-86.048
99.48	-86.048
99.5	-86.022
99.52	-86.004
99.54	-86.022
99.56	-86.065
99.58	-86.061
99.6	-86.03
99.62	-86.022
99.64	-86.057
99.66	-86.044
99.68	-86.061
99.7	-86.035
99.72	-86.061
99.74	-86.061
99.76	-86.039
99.78	-86.022
99.8	-86.044
99.82	-86.048
99.84	-86.052
99.86	-86.004
99.88	-86.017
99.9	-86.026
99.92	-86.03
99.94	-86.013
99.96	-86.052
99.98	-86.039
100	-86.065
100.02	-86.061
100.04	-86.039
100.06	-86.074
100.08	-86.074
100.1	-86.022
100.12	-86.026
100.14	-86.022
100.16	-86.009
100.18	-85.991
100.2	-85.974
100.22	-86.017
100.24	-86.048
100.26	-86.052
100.28	-86.057
100.3	-86.035
100.32	-86.052
100.34	-86.074
100.36	-86.057
100.38	-86.035
100.4	-86.009
100.42	-86.013
100.44	-86.039
100.46	-86.052
100.48	-85.996
100.5	-86.039
100.52	-86.065
100.54	-86.009
100.56	-85.991
100.58	-85.987
100.6	-86.004
100.62	-86.052
100.64	-86.039
100.66	-86
100.68	-86.017
100.7	-86.03
100.72	-86.004
100.74	-85.991
100.76	-85.991
100.78	-86.035
100.8	-86.061
100.82	-86.057
100.84	-86.035
100.86	-86.039
100.88	-86.074
100.9	-86.022
100.92	-86.022
100.94	-86.048
100.96	-86.044
100.98	-86.035
101	-86.035
101.02	-86
101.04	-85.996
101.06	-85.987
101.08	-86.013
101.1	-86.039
101.12	-86.048
101.14	-86.039
101.16	-85.978
101.18	-86.013
101.2	-86.022
101.22	-86.022
101.24	-86.017
101.26	-85.987
101.28	-86.048
101.3	-86.044
101.32	-86.026
101.34	-86.03
101.36	-86.052
101.38	-86.052
101.4	-86.07
101.42	-86.061
101.44	-86.026
101.46	-86.039
101.48	-86.078
101.5	-86.004
101.52	-85.987
101.54	-86.03
101.56	-86.044
101.58	-86.039
101.6	-86.052
101.62	-86.044
101.64	-86.044
101.66	-86.004
101.68	-85.956
101.7	-85.996
101.72	-86.026
101.74	-86
101.76	-85.987
101.78	-86.035
101.8	-86.048
101.82	-86.07
101.84	-86.061
101.86	-86.048
101.88	-86.061
101.9	-86.061
101.92	-86.052
101.94	-86.026
101.96	-86.013
101.98	-86.048
102	-86.057
102.02	-86.026
102.04	-86.044
102.06	-86.091
102.08	-86.03
102.1	-86.035
102.12	-86.03
102.14	-86.022
102.16	-85.982
102.18	-85.996
102.2	-86.03
102.22	-86.009
102.24	-86.017
102.26	-86.022
102.28	-85.991
102.3	-86.017
102.32	-86.026
102.34	-86.009
102.36	-86.009
102.38	-86.03
102.4	-86.057
102.42	-86.026
102.44	-85.982
102.46	-85.982
102.48	-86.026
102.5	-86.039
102.52	-86.039
102.54	-86.035
102.56	-85.996
102.58	-85.991
102.6	-86.039
102.62	-86.026
102.64	-86.013
102.66	-86.009
102.68	-86.004
102.7	-86.035
102.72	-86.035
102.74	-86.052
102.76	-86.009
102.78	-86.017
102.8	-86.078
102.82	-86.03
102.84	-86.026
102.86	-86.039
102.88	-86.022
102.9	-86.026
102.92	-86.048
102.94	-86.052
102.96	-86.052
102.98	-86.013
103	-86
103.02	-86.039
103.04	-86.065
103.06	-86.057
103.08	-86.026
103.1	-86.013
103.12	-86.009
103.14	-86
103.16	-86.013
103.18	-86.017
103.2	-86.044
103.22	-86.048
103.24	-86.009
103.26	-86.017
103.28	-86.022
103.3	-86.052
103.32	-86.078
103.34	-86.083
103.36	-86.022
103.38	-86.044
103.4	-86.044
103.42	-86.035
103.44	-86.017
103.46	-86.039
103.48	-86.03
103.5	-86.017
103.52	-85.996
103.54	-86.009
103.56	-85.987
103.58	-85.974
103.6	-86.026
103.62	-86.057
103.64	-86.017
103.66	-86.013
103.68	-85.996
103.7	-86.035
103.72	-86.048
103.74	-85.974
103.76	-85.987
103.78	-86.057
103.8	-86.057
103.82	-86.039
103.84	-85.987
103.86	-86.035
103.88	-86.048
103.9	-86.039
103.92	-86.044
103.94	-86.048
103.96	-86.035
103.98	-86.026
104	-86.017
104.02	-86.017
104.04	-86.052
104.06	-86.013
104.08	-86.013
104.1	-86.039
104.12	-86.061
104.14	-86.035
104.16	-85.969
104.18	-85.987
104.2	-86.052
104.22	-86.03
104.24	-86.017
104.26	-86.057
104.28	-86.039
104.3	-86.022
104.32	-86.026
104.34	-86.03
104.36	-86.03
104.38	-86.026
104.4	-86.009
104.42	-86.026
104.44	-86.022
104.46	-86.026
104.48	-86.052
104.5	-86.009
104.52	-86
104.54	-86.03
104.56	-85.996
104.58	-86.035
104.6	-86.078
104.62	-86.061
104.64	-86.035
104.66	-86.017
104.68	-86.026
104.7	-86.074
104.72	-86.091
104.74	-86.057
104.76	-86.048
104.78	-86.022
104.8	-86.004
104.82	-86.017
104.84	-86.039
104.86	-86.057
104.88	-86.017
104.9	-86.017
104.92	-85.996
104.94	-86.026
104.96	-86.044
104.98	-86
105	-85.978
105.02	-86.017
105.04	-86.044
105.06	-86.017
105.08	-86.004
105.1	-85.987
105.12	-86
105.14	-86.022
105.16	-86.004
105.18	-85.996
105.2	-86.022
105.22	-86.009
105.24	-86.039
105.26	-86.017
105.28	-85.956
105.3	-85.978
105.32	-86.013
105.34	-86.009
105.36	-85.982
105.38	-85.982
105.4	-86.03
105.42	-86.048
105.44	-86.048
105.46	-86.074
105.48	-86.022
105.5	-86.013
105.52	-86.004
105.54	-86.026
105.56	-86.035
105.58	-86.026
105.6	-86.022
105.62	-86.035
105.64	-86.004
105.66	-86.013
105.68	-86.004
105.7	-86.035
105.72	-86.065
105.74	-86.052
105.76	-86.035
105.78	-86.013
105.8	-86.03
105.82	-86.009
105.84	-86.017
105.86	-85.996
105.88	-86.022
105.9	-86.004
105.92	-86.013
105.94	-86.026
105.96	-85.991
105.98	-86
106	-86.017
106.02	-85.978
106.04	-85.991
106.06	-86.009
106.08	-86.009
106.1	-86.009
106.12	-85.978
106.14	-85.987
106.16	-85.987
106.18	-86
106.2	-85.978
106.22	-86.039
106.24	-86.026
106.26	-86.039
106.28	-86.048
106.3	-86.035
106.32	-86.026
106.34	-86.03
106.36	-86.013
106.38	-86
106.4	-86.022
106.42	-86.022
106.44	-86.009
106.46	-85.982
106.48	-86.009
106.5	-86.022
106.52	-86.013
106.54	-86.009
106.56	-86.009
106.58	-86.017
106.6	-86
106.62	-85.969
106.64	-85.982
106.66	-85.996
106.68	-86
106.7	-86
106.72	-85.956
106.74	-85.991
106.76	-86.022
106.78	-86.022
106.8	-86.026
106.82	-86.009
106.84	-85.965
106.86	-85.978
106.88	-85.982
106.9	-86.052
106.92	-86.03
106.94	-86
106.96	-86.017
106.98	-86.03
107	-86
107.02	-85.987
107.04	-85.982
107.06	-86.004
107.08	-86.048
107.1	-86.03
107.12	-86.009
107.14	-85.974
107.16	-86.009
107.18	-85.987
107.2	-85.982
107.22	-85.965
107.24	-85.965
107.26	-85.974
107.28	-86.009
107.3	-86.035
107.32	-86.039
107.34	-86.013
107.36	-85.978
107.38	-85.982
107.4	-86.017
107.42	-86
107.44	-86
107.46	-86.009
107.48	-86.004
107.5	-85.978
107.52	-85.974
107.54	-86.009
107.56	-86.017
107.58	-86.013
107.6	-86.026
107.62	-86.017
107.64	-86.017
107.66	-86.009
107.68	-86.022
107.7	-85.996
107.72	-85.978
107.74	-85.978
107.76	-85.991
107.78	-86
107.8	-86.017
107.82	-86.017
107.84	-85.991
107.86	-86.013
107.88	-86
107.9	-86.004
107.92	-86.013
107.94	-86.009
107.96	-85.996
107.98	-86.017
108	-86.009
108.02	-85.996
108.04	-85.978
108.06	-85.991
108.08	-86.039
108.1	-86.013
108.12	-85.956
108.14	-85.987
108.16	-86.009
108.18	-86.022
108.2	-86.026
108.22	-86.009
108.24	-85.987
108.26	-85.978
108.28	-86.013
108.3	-85.987
108.32	-86.022
108.34	-86.009
108.36	-86.013
108.38	-86.017
108.4	-86.048
108.42	-86.052
108.44	-86.03
108.46	-86.026
108.48	-86.009
108.5	-86.026
108.52	-86.017
108.54	-86.026
108.56	-86.03
108.58	-86.026
108.6	-86.009
108.62	-86.026
108.64	-86.004
108.66	-85.991
108.68	-85.996
108.7	-86.004
108.72	-86.061
108.74	-86.022
108.76	-85.969
108.78	-85.965
108.8	-85.991
108.82	-86.017
108.84	-86.03
108.86	-85.996
108.88	-86.004
108.9	-85.996
108.92	-85.982
108.94	-86.009
108.96	-85.978
108.98	-85.982
109	-85.956
109.02	-85.991
109.04	-85.956
109.06	-85.978
109.08	-86.017
109.1	-86.009
109.12	-85.987
109.14	-86.013
109.16	-86.013
109.18	-86.004
109.2	-86.03
109.22	-86.035
109.24	-86.009
109.26	-86.035
109.28	-86.044
109.3	-86.035
109.32	-86.004
109.34	-86.017
109.36	-86.009
109.38	-86.022
109.4	-86.009
109.42	-85.982
109.44	-86.044
109.46	-86.03
109.48	-85.991
109.5	-86.004
109.52	-86
109.54	-86.03
109.56	-85.996
109.58	-86
109.6	-86.035
109.62	-86.044
109.64	-86.03
109.66	-86.035
109.68	-86
109.7	-86.013
109.72	-86.03
109.74	-86.004
109.76	-85.956
109.78	-85.978
109.8	-86.004
109.82	-85.991
109.84	-85.982
109.86	-85.978
109.88	-86
109.9	-86.004
109.92	-85.996
109.94	-85.996
109.96	-85.996
109.98	-86.009
110	-86.03
110.02	-86.026
110.04	-86.022
110.06	-85.987
110.08	-86.017
110.1	-86.013
110.12	-85.996
110.14	-86.017
110.16	-86.03
110.18	-85.978
110.2	-85.982
110.22	-86.009
110.24	-85.974
110.26	-85.996
110.28	-86.017
110.3	-86.035
110.32	-86.035
110.34	-86.035
110.36	-85.982
110.38	-85.961
110.4	-85.987
110.42	-86.052
110.44	-86.009
110.46	-85.991
110.48	-85.991
110.5	-86.004
110.52	-86.004
110.54	-86.013
110.56	-86.013
110.58	-86
110.6	-85.961
110.62	-85.978
110.64	-85.991
110.66	-86.013
110.68	-86
110.7	-86.013
110.72	-86.004
110.74	-86.004
110.76	-86
110.78	-86.052
110.8	-86.065
110.82	-86.044
110.84	-86.013
110.86	-85.978
110.88	-85.978
110.9	-86.013
110.92	-85.991
110.94	-85.965
110.96	-85.982
110.98	-85.991
111	-86
111.02	-86.022
111.04	-85.996
111.06	-86
111.08	-85.987
111.1	-86.013
111.12	-86.022
111.14	-85.978
111.16	-86.009
111.18	-86.013
111.2	-85.982
111.22	-85.978
111.24	-85.982
111.26	-85.987
111.28	-85.987
111.3	-85.952
111.32	-85.952
111.34	-86
111.36	-86.004
111.38	-85.965
111.4	-85.991
111.42	-86.004
111.44	-86.013
111.46	-85.996
111.48	-86.009
111.5	-85.987
111.52	-85.982
111.54	-85.996
111.56	-86.035
111.58	-86.03
111.6	-86.03
111.62	-86.03
111.64	-86.013
111.66	-86.004
111.68	-85.996
111.7	-86.009
111.72	-86.009
111.74	-85.987
111.76	-86.009
111.78	-86.026
111.8	-86.035
111.82	-86.026
111.84	-85.996
111.86	-86
111.88	-85.991
111.9	-85.991
111.92	-86.004
111.94	-85.969
111.96	-86
111.98	-86.026
112	-86.026
112.02	-85.991
112.04	-85.987
112.06	-86
112.08	-86.009
112.1	-85.991
112.12	-85.969
112.14	-85.996
112.16	-85.996
112.18	-86.004
112.2	-85.978
112.22	-85.974
112.24	-85.987
112.26	-86.03
112.28	-86.013
112.3	-86.022
112.32	-86.009
112.34	-86
112.36	-85.978
112.38	-85.996
112.4	-85.987
112.42	-85.996
112.44	-86.017
112.46	-86.022
112.48	-86.03
112.5	-86.013
112.52	-86
112.54	-86.009
112.56	-85.982
112.58	-85.961
112.6	-85.991
112.62	-86.013
112.64	-86
112.66	-85.982
112.68	-85.952
112.7	-85.982
112.72	-86.009
112.74	-86.026
112.76	-86.004
112.78	-85.991
112.8	-86.004
112.82	-85.987
112.84	-85.987
112.86	-86
112.88	-86.009
112.9	-86.004
112.92	-86
112.94	-86.013
112.96	-86.022
112.98	-86.022
113	-86.03
113.02	-86.009
113.04	-85.987
113.06	-86
113.08	-85.991
113.1	-86.004
113.12	-86.026
113.14	-85.996
113.16	-85.948
113.18	-85.93
113.2	-86.004
113.22	-86.065
113.24	-86.022
113.26	-85.943
113.28	-86.017
113.3	-86.048
113.32	-86.013
113.34	-86.017
113.36	-85.987
113.38	-85.969
113.4	-85.991
113.42	-86.013
113.44	-85.969
113.46	-86.004
113.48	-86.044
113.5	-86
113.52	-85.948
113.54	-85.974
113.56	-86.017
113.58	-86.013
113.6	-86.009
113.62	-86.013
113.64	-86.009
113.66	-86.009
113.68	-86.013
113.7	-86.004
113.72	-86.009
113.74	-86
113.76	-86.004
113.78	-85.982
113.8	-86.004
113.82	-86.026
113.84	-86.013
113.86	-86.009
113.88	-86.013
113.9	-85.996
113.92	-85.965
113.94	-85.956
113.96	-85.969
113.98	-85.956
114	-85.974
114.02	-86.026
114.04	-86.035
114.06	-86.039
114.08	-85.987
114.1	-85.978
114.12	-86.022
114.14	-86
114.16	-85.987
114.18	-86.026
114.2	-86.022
114.22	-85.991
114.24	-86.009
114.26	-86
114.28	-85.978
114.3	-86.017
114.32	-86.022
114.34	-86.009
114.36	-86.004
114.38	-85.965
114.4	-85.991
114.42	-86.022
114.44	-85.982
114.46	-86.009
114.48	-86.004
114.5	-85.974
114.52	-85.996
114.54	-86.017
114.56	-86.017
114.58	-86.022
114.6	-86.017
114.62	-85.982
114.64	-85.991
114.66	-85.969
114.68	-86
114.7	-85.996
114.72	-85.991
114.74	-86
114.76	-85.982
114.78	-85.956
114.8	-85.956
114.82	-85.987
114.84	-85.965
114.86	-85.969
114.88	-85.961
114.9	-86
114.92	-86.004
114.94	-86.022
114.96	-86.022
114.98	-85.978
115	-85.987
115.02	-86.013
115.04	-86.009
115.06	-86.022
115.08	-86
115.1	-86.004
115.12	-86
115.14	-86.004
115.16	-85.996
115.18	-85.978
115.2	-86
115.22	-85.978
115.24	-85.961
115.26	-85.978
115.28	-85.991
115.3	-86.009
115.32	-86.017
115.34	-86.035
115.36	-85.974
115.38	-85.969
115.4	-86.004
115.42	-86.03
115.44	-86.009
115.46	-85.982
115.48	-85.961
115.5	-85.982
115.52	-85.961
115.54	-85.969
115.56	-85.982
115.58	-85.952
115.6	-86
115.62	-86.022
115.64	-85.978
115.66	-85.935
115.68	-85.952
115.7	-85.961
115.72	-86.004
115.74	-85.991
115.76	-85.991
115.78	-86.004
115.8	-86.017
115.82	-86.013
115.84	-85.982
115.86	-85.965
115.88	-85.969
115.9	-85.991
115.92	-85.978
115.94	-85.956
115.96	-85.939
115.98	-86.035
116	-86.039
116.02	-86.017
116.04	-85.987
116.06	-85.987
116.08	-86.009
116.1	-85.978
116.12	-85.996
116.14	-85.982
116.16	-85.978
116.18	-85.969
116.2	-85.996
116.22	-85.991
116.24	-85.974
116.26	-86.026
116.28	-86.065
116.3	-86.03
116.32	-85.991
116.34	-86.044
116.36	-86.039
116.38	-85.978
116.4	-85.965
116.42	-86.013
116.44	-85.974
116.46	-85.961
116.48	-85.969
116.5	-85.978
116.52	-85.996
116.54	-86
116.56	-86.009
116.58	-85.996
116.6	-85.987
116.62	-85.987
116.64	-86.013
116.66	-85.996
116.68	-86
116.7	-86.017
116.72	-85.987
116.74	-85.978
116.76	-85.991
116.78	-85.987
116.8	-85.965
116.82	-85.987
116.84	-85.982
116.86	-85.987
116.88	-85.987
116.9	-85.987
116.92	-85.982
116.94	-85.978
116.96	-85.974
116.98	-85.996
117	-85.991
117.02	-86
117.04	-85.982
117.06	-85.965
117.08	-86
117.1	-86
117.12	-85.991
117.14	-85.991
117.16	-85.952
117.18	-85.974
117.2	-85.978
117.22	-85.965
117.24	-86.022
117.26	-85.982
117.28	-85.956
117.3	-86.022
117.32	-86
117.34	-85.952
117.36	-85.982
117.38	-86
117.4	-86.017
117.42	-86.013
117.44	-86.03
117.46	-86.004
117.48	-85.978
117.5	-85.978
117.52	-85.996
117.54	-85.991
117.56	-85.978
117.58	-85.965
117.6	-86.009
117.62	-86.039
117.64	-86.004
117.66	-86
117.68	-85.982
117.7	-86.026
117.72	-86.03
117.74	-86.026
117.76	-86.004
117.78	-85.991
117.8	-85.978
117.82	-85.982
117.84	-86.013
117.86	-86.013
117.88	-86.022
117.9	-86.026
117.92	-86.013
117.94	-86.026
117.96	-86.013
117.98	-85.978
118	-85.952
118.02	-85.982
118.04	-86.009
118.06	-86.03
118.08	-86.048
118.1	-86
118.12	-86
118.14	-85.996
118.16	-85.935
118.18	-85.974
118.2	-85.987
118.22	-85.996
118.24	-86.013
118.26	-86.03
118.28	-86.026
118.3	-86.004
118.32	-85.952
118.34	-85.969
118.36	-86.004
118.38	-85.987
118.4	-85.996
118.42	-85.969
118.44	-86.017
118.46	-85.991
118.48	-85.956
118.5	-85.965
118.52	-85.956
118.54	-86.004
118.56	-86.022
118.58	-85.991
118.6	-85.974
118.62	-85.996
118.64	-85.978
118.66	-85.935
118.68	-85.943
118.7	-85.982
118.72	-85.978
118.74	-85.987
118.76	-85.982
118.78	-85.991
118.8	-85.991
118.82	-85.978
118.84	-85.948
118.86	-85.956
118.88	-85.969
118.9	-86.013
118.92	-85.974
118.94	-85.982
118.96	-86.022
118.98	-85.996
119	-85.961
119.02	-85.948
119.04	-85.991
119.06	-85.991
119.08	-86.017
119.1	-85.978
119.12	-85.956
119.14	-85.987
119.16	-85.982
119.18	-85.943
119.2	-85.948
119.22	-85.952
119.24	-85.961
119.26	-85.982
119.28	-86.009
119.3	-86.013
119.32	-85.978
119.34	-85.978
119.36	-86.017
119.38	-86.009
119.4	-85.939
119.42	-85.952
119.44	-85.969
119.46	-86.009
119.48	-86.004
119.5	-85.969
119.52	-85.974
119.54	-85.996
119.56	-85.978
119.58	-86.009
119.6	-85.991
119.62	-85.978
119.64	-85.961
119.66	-85.93
119.68	-85.952
119.7	-85.961
119.72	-85.974
119.74	-85.982
119.76	-85.956
119.78	-85.996
119.8	-85.978
119.82	-86
119.84	-85.987
119.86	-85.974
119.88	-85.991
119.9	-85.987
119.92	-85.948
119.94	-85.969
119.96	-85.982
119.98	-85.978
120	-85.952
120.02	-85.969
120.04	-85.969
120.06	-85.991
120.08	-85.965
120.1	-85.965
120.12	-85.987
120.14	-85.991
120.16	-86.022
120.18	-86.022
120.2	-86.004
120.22	-85.974
120.24	-85.982
120.26	-85.969
120.28	-85.965
120.3	-85.996
120.32	-86.009
120.34	-86.004
120.36	-86.009
120.38	-85.982
120.4	-85.978
120.42	-85.952
120.44	-85.956
120.46	-85.982
120.48	-85.978
120.5	-85.956
120.52	-85.956
120.54	-85.978
120.56	-85.996
120.58	-85.991
120.6	-85.965
120.62	-85.965
120.64	-85.996
120.66	-86.013
120.68	-86.009
120.7	-86.004
120.72	-85.961
120.74	-85.969
120.76	-85.996
120.78	-86.004
120.8	-86.013
120.82	-85.991
120.84	-85.996
120.86	-86.026
120.88	-85.978
120.9	-85.943
120.92	-85.982
120.94	-85.996
120.96	-85.978
120.98	-85.956
121	-86
121.02	-86.013
121.04	-86.026
121.06	-85.987
121.08	-85.978
121.1	-85.974
121.12	-85.978
121.14	-86.004
121.16	-85.961
121.18	-85.978
121.2	-86
121.22	-86.048
121.24	-85.991
121.26	-85.956
121.28	-86.009
121.3	-85.987
121.32	-85.978
121.34	-86.009
121.36	-86.026
121.38	-85.996
121.4	-85.974
121.42	-85.991
121.44	-86
121.46	-85.943
121.48	-85.926
121.5	-85.991
121.52	-86.004
121.54	-86.009
121.56	-86
121.58	-86.013
121.6	-85.974
121.62	-86.004
121.64	-86.039
121.66	-86.004
121.68	-85.965
121.7	-85.991
121.72	-85.952
121.74	-85.982
121.76	-85.974
121.78	-85.982
121.8	-85.965
121.82	-85.926
121.84	-85.961
121.86	-85.991
121.88	-86.009
121.9	-85.996
121.92	-86.022
121.94	-86.013
121.96	-86.004
121.98	-86.022
122	-86
122.02	-85.991
122.04	-85.987
122.06	-86.022
122.08	-86.017
122.1	-85.996
122.12	-86.017
122.14	-86.013
122.16	-86.013
122.18	-86.026
122.2	-86.013
122.22	-86
122.24	-85.996
122.26	-85.969
122.28	-85.961
122.3	-85.991
122.32	-86.009
122.34	-86
122.36	-85.969
122.38	-85.978
122.4	-86
122.42	-85.991
122.44	-85.987
122.46	-86.004
122.48	-86.022
122.5	-85.974
122.52	-85.965
122.54	-86
122.56	-86.009
122.58	-86.017
122.6	-86
122.62	-85.974
122.64	-85.969
122.66	-85.987
122.68	-85.991
122.7	-85.991
122.72	-86
122.74	-86.004
122.76	-86
122.78	-85.974
122.8	-85.987
122.82	-85.996
122.84	-85.974
122.86	-85.935
122.88	-85.978
122.9	-85.982
122.92	-85.991
122.94	-86.009
122.96	-86.009
122.98	-85.987
123	-85.969
123.02	-85.987
123.04	-85.996
123.06	-86
123.08	-85.982
123.1	-86.009
123.12	-86.039
123.14	-86.009
123.16	-85.982
123.18	-86
123.2	-86.017
123.22	-86.022
123.24	-85.996
123.26	-85.978
123.28	-85.978
123.3	-86.004
123.32	-86
123.34	-85.961
123.36	-85.965
123.38	-85.926
123.4	-85.93
123.42	-85.996
123.44	-86.004
123.46	-85.978
123.48	-85.969
123.5	-85.969
123.52	-85.939
123.54	-85.974
123.56	-86.022
123.58	-86.009
123.6	-85.965
123.62	-85.961
123.64	-85.991
123.66	-86.03
123.68	-85.969
123.7	-85.93
123.72	-85.952
123.74	-85.952
123.76	-85.982
123.78	-86.022
123.8	-86.026
123.82	-86.013
123.84	-86.004
123.86	-85.961
123.88	-85.991
123.9	-85.978
123.92	-85.991
123.94	-85.978
123.96	-85.961
123.98	-85.969
124	-85.974
124.02	-85.969
124.04	-85.965
124.06	-85.956
124.08	-86
124.1	-85.987
124.12	-86
124.14	-86.039
124.16	-86.026
124.18	-86.009
124.2	-86.004
124.22	-86
124.24	-85.961
124.26	-85.978
124.28	-86
124.3	-86.004
124.32	-85.991
124.34	-85.974
124.36	-85.987
124.38	-85.961
124.4	-85.969
124.42	-85.969
124.44	-85.935
124.46	-85.935
124.48	-85.969
124.5	-86.009
124.52	-85.978
124.54	-85.965
124.56	-85.978
124.58	-86
124.6	-85.991
124.62	-85.952
124.64	-85.961
124.66	-85.974
124.68	-86
124.7	-86.009
124.72	-85.996
124.74	-85.978
124.76	-85.965
124.78	-85.996
124.8	-86.004
124.82	-86
124.84	-85.965
124.86	-85.978
124.88	-85.956
124.9	-85.93
124.92	-85.939
124.94	-85.982
124.96	-85.952
124.98	-85.987
125	-85.982
125.02	-85.926
125.04	-85.965
125.06	-86.004
125.08	-85.991
125.1	-85.987
125.12	-85.969
125.14	-85.965
125.16	-85.948
125.18	-85.987
125.2	-85.978
125.22	-85.974
125.24	-86.013
125.26	-85.991
125.28	-85.982
125.3	-85.987
125.32	-86.009
125.34	-85.991
125.36	-85.991
125.38	-85.974
125.4	-85.987
125.42	-85.996
125.44	-85.974
125.46	-85.982
125.48	-85.982
125.5	-85.974
125.52	-85.996
125.54	-85.987
125.56	-85.969
125.58	-85.991
125.6	-86.017
125.62	-85.974
125.64	-85.987
125.66	-85.969
125.68	-85.974
125.7	-85.956
125.72	-86
125.74	-85.978
125.76	-85.978
125.78	-85.991
125.8	-85.978
125.82	-85.974
125.84	-85.956
125.86	-85.961
125.88	-85.974
125.9	-85.965
125.92	-85.974
125.94	-85.974
125.96	-86.009
125.98	-85.969
126	-85.987
126.02	-85.978
126.04	-86.013
126.06	-86.009
126.08	-86.009
126.1	-85.978
126.12	-85.996
126.14	-85.982
126.16	-85.996
126.18	-86.004
126.2	-85.987
126.22	-86.004
126.24	-86.026
126.26	-86.022
126.28	-86.004
126.3	-86.004
126.32	-86.009
126.34	-86.004
126.36	-86.013
126.38	-85.987
126.4	-85.982
126.42	-86.004
126.44	-85.991
126.46	-86.013
126.48	-85.987
126.5	-85.982
126.52	-85.991
126.54	-86
126.56	-85.987
126.58	-85.987
126.6	-86.004
126.62	-86.026
126.64	-86.017
126.66	-85.982
126.68	-86
126.7	-86.013
126.72	-85.991
126.74	-85.987
126.76	-85.982
126.78	-86.004
126.8	-85.982
126.82	-86.017
126.84	-86.026
126.86	-86.004
126.88	-86.026
126.9	-86.03
126.92	-85.991
126.94	-86
126.96	-86.052
126.98	-86.083
127	-86.013
127.02	-86
127.04	-86.022
127.06	-86.017
127.08	-85.982
127.1	-85.961
127.12	-85.956
127.14	-86.009
127.16	-86.039
127.18	-86.022
127.2	-86.004
127.22	-85.987
127.24	-85.943
127.26	-86.013
127.28	-86.013
127.3	-86
127.32	-86.039
127.34	-86.039
127.36	-85.982
127.38	-85.991
127.4	-86.004
127.42	-85.996
127.44	-85.982
127.46	-85.991
127.48	-85.974
127.5	-85.969
127.52	-85.969
127.54	-85.978
127.56	-86.022
127.58	-86.035
127.6	-86.03
127.62	-85.982
127.64	-85.982
127.66	-85.991
127.68	-85.978
127.7	-85.987
127.72	-85.987
127.74	-85.987
127.76	-85.996
127.78	-86.017
127.8	-86.022
127.82	-86.004
127.84	-86.022
127.86	-86.026
127.88	-85.996
127.9	-85.974
127.92	-85.991
127.94	-85.996
127.96	-86.013
127.98	-86.004
128	-86.022
128.02	-85.991
128.04	-86.004
128.06	-85.991
128.08	-86.004
128.1	-86.009
128.12	-86.026
128.14	-86.026
128.16	-85.974
128.18	-85.965
128.2	-86.004
128.22	-86.004
128.24	-85.974
128.26	-85.974
128.28	-86
128.3	-86.004
128.32	-85.991
128.34	-86.004
128.36	-86
128.38	-85.991
128.4	-86.017
128.42	-86.022
128.44	-85.991
128.46	-85.978
128.48	-85.952
128.5	-85.978
128.52	-85.987
128.54	-85.974
128.56	-86
128.58	-86.039
128.6	-86.052
128.62	-86.061
128.64	-85.991
128.66	-85.987
128.68	-85.978
128.7	-85.974
128.72	-85.974
128.74	-86.022
128.76	-85.996
128.78	-85.978
128.8	-86.009
128.82	-86.026
128.84	-85.982
128.86	-86
128.88	-86.009
128.9	-85.982
128.92	-85.965
128.94	-86.013
128.96	-86.048
128.98	-86.052
129	-86.026
129.02	-85.991
129.04	-85.982
129.06	-86.009
