label:v(.5)
6454 2
0	-86.012
0.02	-86.014
0.04	-85.989
0.06	-85.986
0.08	-86.002
0.1	-86
0.12	-85.998
0.14	-86.006
0.16	-86.004
0.18	-85.994
0.2	-86.002
0.22	-86.007
0.24	-85.999
0.26	-85.982
0.28	-86.003
0.3	-86.007
0.32	-86.002
0.34	-85.998
0.36	-86
0.38	-86.002
0.4	-85.997
0.42	-86.01
0.44	-86.011
0.46	-85.998
0.48	-86.005
0.5	-86.004
0.52	-85.984
0.54	-85.985
0.56	-85.989
0.58	-85.993
0.6	-85.997
0.62	-85.991
0.64	-85.997
0.66	-86.006
0.68	-85.987
0.7	-85.992
0.72	-85.989
0.74	-85.997
0.76	-85.997
0.78	-85.992
0.8	-85.995
0.82	-86.005
0.84	-85.983
0.86	-85.986
0.88	-86.006
0.9	-85.997
0.92	-85.994
0.94	-85.993
0.96	-85.996
0.98	-85.993
1	-85.994
1.02	-86.002
1.04	-85.993
1.06	-86.002
1.08	-85.99
1.1	-85.988
1.12	-86.002
1.14	-85.989
1.16	-85.985
1.18	-86.005
1.2	-86
1.22	-85.985
1.24	-85.985
1.26	-85.998
1.28	-85.993
1.3	-85.994
1.32	-86
1.34	-85.995
1.36	-85.988
1.38	-85.986
1.4	-86.007
1.42	-85.992
1.44	-85.988
1.46	-85.995
1.48	-85.993
1.5	-86.007
1.52	-86
1.54	-85.998
1.56	-86.001
1.58	-85.996
1.6	-86.001
1.62	-86.002
1.64	-85.985
1.66	-85.981
1.68	-85.982
1.7	-85.98
1.72	-86
1.74	-85.997
1.76	-85.998
1.78	-85.995
1.8	-85.988
1.82	-86.013
1.84	-85.999
1.86	-85.984
1.88	-85.983
1.9	-85.989
1.92	-85.991
1.94	-85.974
1.96	-85.988
1.98	-86.004
2	-85.991
2.02	-85.988
2.04	-85.991
2.06	-86.005
2.08	-85.999
2.1	-85.993
2.12	-85.982
2.14	-85.993
2.16	-86.001
2.18	-85.999
2.2	-85.983
2.22	-85.98
2.24	-86.002
2.26	-86.008
2.28	-86.002
2.3	-86.003
2.32	-85.996
2.34	-85.989
2.36	-86.009
2.38	-86.016
2.4	-86
2.42	-86
2.44	-86.015
2.46	-86.009
2.48	-85.986
2.5	-85.996
2.52	-86.004
2.54	-86
2.56	-85.997
2.58	-85.989
2.6	-85.992
2.62	-86.003
2.64	-86.006
2.66	-86.005
2.68	-85.986
2.7	-85.982
2.72	-85.988
2.74	-85.991
2.76	-85.99
2.78	-85.991
2.8	-85.993
2.82	-85.995
2.84	-85.994
2.86	-85.99
2.88	-85.987
2.9	-85.993
2.92	-85.999
2.94	-86.016
2.96	-86.002
2.98	-85.98
3	-85.982
3.02	-86.005
3.04	-85.996
3.06	-85.996
3.08	-86.005
3.1	-85.994
3.12	-85.986
3.14	-85.991
3.16	-85.999
3.18	-85.996
3.2	-85.991
3.22	-85.993
3.24	-86.01
3.26	-86.004
3.28	-86.002
3.3	-86.016
3.32	-86.005
3.34	-86.002
3.36	-85.982
3.38	-85.983
3.4	-86.004
3.42	-85.99
3.44	-85.989
3.46	-85.996
3.48	-85.994
3.5	-86.007
3.52	-86
3.54	-85.993
3.56	-85.988
3.58	-85.994
3.6	-85.988
3.62	-85.991
3.64	-85.995
3.66	-85.991
3.68	-85.999
3.7	-85.988
3.72	-85.986
3.74	-86.002
3.76	-86
3.78	-85.989
3.8	-85.97
3.82	-85.979
3.84	-85.992
3.86	-85.993
3.88	-85.994
3.9	-85.992
3.92	-86.005
3.94	-86.004
3.96	-86
3.98	-85.993
4	-85.99
4.02	-85.997
4.04	-85.996
4.06	-85.996
4.08	-85.99
4.1	-85.989
4.12	-85.994
4.14	-85.997
4.16	-86.005
4.18	-85.993
4.2	-85.98
4.22	-85.98
4.24	-85.982
4.26	-85.985
4.28	-85.99
4.3	-85.999
4.32	-85.992
4.34	-85.994
4.36	-85.994
4.38	-85.988
4.4	-86.002
4.42	-86.012
4.44	-85.997
4.46	-85.986
4.48	-85.992
4.5	-86
4.52	-85.988
4.54	-85.985
4.56	-85.999
4.58	-85.997
4.6	-85.994
4.62	-86.013
4.64	-86.008
4.66	-85.994
4.68	-86.002
4.7	-86.017
4.72	-86
4.74	-86
4.76	-86
4.78	-86.008
4.8	-85.995
4.82	-86.003
4.84	-85.998
4.86	-85.995
4.88	-86.003
4.9	-86.006
4.92	-86.017
4.94	-86.005
4.96	-85.993
4.98	-85.994
5	-86.007
5.02	-85.993
5.04	-85.997
5.06	-85.999
5.08	-85.986
5.1	-85.991
5.12	-86.004
5.14	-85.997
5.16	-85.996
5.18	-85.986
5.2	-85.982
5.22	-85.971
5.24	-85.977
5.26	-85.999
5.28	-86.015
5.3	-86.005
5.32	-85.999
5.34	-85.988
5.36	-85.992
5.38	-85.996
5.4	-86.01
5.42	-86.007
5.44	-85.995
5.46	-86.003
5.48	-86
5.5	-85.991
5.52	-86.004
5.54	-85.993
5.56	-86.004
5.58	-86.009
5.6	-86.004
5.62	-86.011
5.64	-86
5.66	-86.009
5.68	-86.006
5.7	-86.004
5.72	-86
5.74	-86.002
5.76	-86.002
5.78	-85.996
5.8	-86.01
5.82	-86.003
5.84	-86
5.86	-85.993
5.88	-85.999
5.9	-86.002
5.92	-85.993
5.94	-86.004
5.96	-86
5.98	-86.007
6	-86.01
6.02	-86.001
6.04	-86.007
6.06	-86
6.08	-86.002
6.1	-86.005
6.12	-86.002
6.14	-86.007
6.16	-85.991
6.18	-85.991
6.2	-85.997
6.22	-85.996
6.24	-86.005
6.26	-86.016
6.28	-86.005
6.3	-86.016
6.32	-86.016
6.34	-86.017
6.36	-85.997
6.38	-85.994
6.4	-86.002
6.42	-86.009
6.44	-86.002
6.46	-86.005
6.48	-86.01
6.5	-86.015
6.52	-85.998
6.54	-85.995
6.56	-86.002
6.58	-85.997
6.6	-85.999
6.62	-85.998
6.64	-86
6.66	-85.997
6.68	-85.993
6.7	-86
6.72	-86.007
6.74	-86.008
6.76	-86.007
6.78	-85.997
6.8	-85.98
6.82	-85.996
6.84	-85.998
6.86	-86.004
6.88	-86.003
6.9	-86.005
6.92	-86.005
6.94	-86.015
6.96	-85.994
6.98	-85.993
7	-85.998
7.02	-86.009
7.04	-86.009
7.06	-86.008
7.08	-86.008
7.1	-85.999
7.12	-86
7.14	-86
7.16	-86.003
7.18	-86
7.2	-86.013
7.22	-86.022
7.24	-86.011
7.26	-86.005
7.28	-86.006
7.3	-86.006
7.32	-86.009
7.34	-86.005
7.36	-86.004
7.38	-85.997
7.4	-85.995
7.42	-85.992
7.44	-86.002
7.46	-86.004
7.48	-85.991
7.5	-86.004
7.52	-86.006
7.54	-86.011
7.56	-86.008
7.58	-86.003
7.6	-86
7.62	-86
7.64	-86.007
7.66	-85.995
7.68	-86.008
7.7	-86.008
7.72	-86.007
7.74	-86.008
7.76	-86.038
7.78	-86.046
7.8	-86.045
7.82	-86.033
7.84	-86.025
7.86	-86.022
7.88	-86.014
7.9	-86.019
7.92	-86.023
7.94	-86.016
7.96	-86.011
7.98	-86.011
8	-86.018
8.02	-86.013
8.04	-86
8.06	-86.004
8.08	-86.008
8.1	-86.004
8.12	-86.002
8.14	-86.005
8.16	-86.016
8.18	-85.997
8.2	-85.985
8.22	-85.99
8.24	-85.999
8.26	-86
8.28	-86.005
8.3	-85.989
8.32	-85.997
8.34	-86.01
8.36	-86.026
8.38	-86.015
8.4	-86.016
8.42	-86.016
8.44	-85.997
8.46	-86.009
8.48	-86.002
8.5	-86.005
8.52	-86.009
8.54	-86.008
8.56	-86.015
8.58	-86.002
8.6	-86.004
8.62	-85.999
8.64	-86.002
8.66	-85.995
8.68	-86
8.7	-86.012
8.72	-86.015
8.74	-86.008
8.76	-85.995
8.78	-86
8.8	-85.999
8.82	-86.009
8.84	-86.018
8.86	-86.024
8.88	-86.021
8.9	-85.999
8.92	-85.999
8.94	-86.013
8.96	-86.018
8.98	-86.018
9	-86.007
9.02	-86.004
9.04	-86.009
9.06	-86.011
9.08	-86.002
9.1	-86.005
9.12	-86.013
9.14	-86.015
9.16	-86.013
9.18	-86.01
9.2	-86.015
9.22	-86.008
9.24	-86.002
9.26	-86.029
9.28	-86.027
9.3	-86.019
9.32	-85.997
9.34	-86.007
9.36	-86.029
9.38	-86.024
9.4	-86.021
9.42	-86.015
9.44	-86.006
9.46	-86.013
9.48	-86.018
9.5	-86.016
9.52	-86.021
9.54	-86.012
9.56	-86.007
9.58	-86.018
9.6	-86.001
9.62	-86.01
9.64	-86.019
9.66	-86.006
9.68	-86.008
9.7	-86.019
9.72	-86.022
9.74	-86.01
9.76	-86.014
9.78	-86.023
9.8	-86.019
9.82	-86
9.84	-86.001
9.86	-86.016
9.88	-86.007
9.9	-86.005
9.92	-86.015
9.94	-86.018
9.96	-86.022
9.98	-86.01
10	-86.025
10.02	-86.021
10.04	-86.014
10.06	-86.032
10.08	-86.024
10.1	-86.015
10.12	-86.017
10.14	-86.01
10.16	-86.009
10.18	-86.013
10.2	-86.021
10.22	-86.024
10.24	-86.025
10.26	-86.012
10.28	-86.021
10.3	-86.018
10.32	-86.01
10.34	-86.028
10.36	-86.022
10.38	-86.013
10.4	-86.011
10.42	-86.029
10.44	-86.018
10.46	-86.024
10.48	-86.011
10.5	-86.025
10.52	-86.018
10.54	-86.024
10.56	-86.022
10.58	-86.04
10.6	-86.04
10.62	-86.008
10.64	-86.021
10.66	-86.031
10.68	-86.029
10.7	-86.022
10.72	-86.018
10.74	-86.041
10.76	-86.021
10.78	-86.011
10.8	-86.02
10.82	-86.021
10.84	-86.017
10.86	-86.017
10.88	-86.029
10.9	-86.024
10.92	-86.011
10.94	-86.014
10.96	-86.019
10.98	-86.023
11	-86.033
11.02	-86.044
11.04	-86.029
11.06	-86.004
11.08	-86.017
11.1	-86.036
11.12	-86.02
11.14	-86.018
11.16	-86.025
11.18	-86.027
11.2	-86.033
11.22	-86.027
11.24	-86.027
11.26	-86.013
11.28	-86.023
11.3	-86.022
11.32	-86.017
11.34	-86.029
11.36	-86.033
11.38	-86.027
11.4	-86.022
11.42	-86.034
11.44	-86.017
11.46	-86.011
11.48	-86.026
11.5	-86.036
11.52	-86.023
11.54	-86.029
11.56	-86.021
11.58	-86.027
11.6	-86.025
11.62	-86.025
11.64	-86.031
11.66	-86.03
11.68	-86.024
11.7	-86.019
11.72	-86.018
11.74	-86.023
11.76	-86.025
11.78	-86.025
11.8	-86.018
11.82	-86.021
11.84	-86.029
11.86	-86.022
11.88	-86.029
11.9	-86.032
11.92	-86.022
11.94	-86.03
11.96	-86.041
11.98	-86.015
12	-86.035
12.02	-86.019
12.04	-86.021
12.06	-86.039
12.08	-86.032
12.1	-86.03
12.12	-86.025
12.14	-86.032
12.16	-86.036
12.18	-86.019
12.2	-86.021
12.22	-86.032
12.24	-86.018
12.26	-86.022
12.28	-86.019
12.3	-86.021
12.32	-86.016
12.34	-86.03
12.36	-86.033
12.38	-86.029
12.4	-86.026
12.42	-86.015
12.44	-86.022
12.46	-86.018
12.48	-86.013
12.5	-86.016
12.52	-86.022
12.54	-86.021
12.56	-86.025
12.58	-86.025
12.6	-86.024
12.62	-86.032
12.64	-86.027
12.66	-86.024
12.68	-86.015
12.7	-86.027
12.72	-86.029
12.74	-86.019
12.76	-86.01
12.78	-86.019
12.8	-86.024
12.82	-86.029
12.84	-86.016
12.86	-86.002
12.88	-86.012
12.9	-86.008
12.92	-86.025
12.94	-86.033
12.96	-86.021
12.98	-86.007
13	-86.021
13.02	-86.018
13.04	-86.013
13.06	-86.022
13.08	-86.021
13.1	-86.016
13.12	-86.038
13.14	-86.022
13.16	-86.015
13.18	-86.019
13.2	-86.022
13.22	-86.015
13.24	-86.01
13.26	-86.004
13.28	-86.01
13.3	-86.021
13.32	-86.018
13.34	-86.017
13.36	-86.022
13.38	-86.023
13.4	-86.016
13.42	-86.007
13.44	-86.007
13.46	-86.018
13.48	-86.027
13.5	-86.022
13.52	-86.017
13.54	-86.009
13.56	-86.008
13.58	-86.022
13.6	-86.018
13.62	-86.011
13.64	-86.012
13.66	-86.007
13.68	-86.007
13.7	-86.015
13.72	-86.01
13.74	-86.018
13.76	-86.016
13.78	-86.009
13.8	-86.011
13.82	-86.015
13.84	-86.008
13.86	-86.021
13.88	-86.022
13.9	-86.01
13.92	-86.008
13.94	-86.018
13.96	-86.013
13.98	-86.01
14	-86.008
14.02	-86.019
14.04	-86.021
14.06	-86.001
14.08	-86.005
14.1	-86.021
14.12	-86.035
14.14	-86.007
14.16	-86.004
14.18	-86.008
14.2	-86.019
14.22	-86.021
14.24	-86.021
14.26	-86.014
14.28	-86.006
14.3	-86.012
14.32	-86.013
14.34	-86.002
14.36	-86.011
14.38	-86
14.4	-86.016
14.42	-86.022
14.44	-86.021
14.46	-86.006
14.48	-86.004
14.5	-86.007
14.52	-86.005
14.54	-86.006
14.56	-86.008
14.58	-86.007
14.6	-85.997
14.62	-86.015
14.64	-86.009
14.66	-86.003
14.68	-86.01
14.7	-86.013
14.72	-86.011
14.74	-86
14.76	-85.982
14.78	-85.997
14.8	-86.015
14.82	-86.016
14.84	-86.013
14.86	-86.007
14.88	-86.006
14.9	-86.014
14.92	-85.993
14.94	-85.986
14.96	-86.003
14.98	-86.011
15	-86.017
15.02	-86.008
15.04	-86.011
15.06	-86.021
15.08	-86.018
15.1	-86.003
15.12	-85.995
15.14	-85.991
15.16	-86.005
15.18	-86.017
15.2	-86.023
15.22	-86.01
15.24	-86.019
15.26	-86.021
15.28	-86
15.3	-86.015
15.32	-86.02
15.34	-86.022
15.36	-86.013
15.38	-86.011
15.4	-86.023
15.42	-86.023
15.44	-85.984
15.46	-85.972
15.48	-86
15.5	-86.011
15.52	-86.022
15.54	-86.028
15.56	-86.013
15.58	-86.018
15.6	-86.024
15.62	-86.01
15.64	-86.012
15.66	-86.008
15.68	-86.008
15.7	-86.004
15.72	-86.01
15.74	-86.016
15.76	-86.012
15.78	-86.023
15.8	-86.009
15.82	-85.996
15.84	-86.009
15.86	-86.027
15.88	-86.022
15.9	-86.022
15.92	-86.009
15.94	-86.008
15.96	-86.002
15.98	-86.011
16	-86.016
16.02	-86.003
16.04	-85.997
16.06	-85.999
16.08	-86.011
16.1	-86.01
16.12	-86.009
16.14	-86.02
16.16	-85.992
16.18	-86.004
16.2	-86.019
16.22	-86.017
16.24	-86.006
16.26	-86.006
16.28	-86.018
16.3	-86.018
16.32	-86.005
16.34	-86.005
16.36	-86.016
16.38	-86.018
16.4	-86.01
16.42	-86.002
16.44	-86.017
16.46	-86
16.48	-85.995
16.5	-85.997
16.52	-85.999
16.54	-85.994
16.56	-85.993
16.58	-86.004
16.6	-86.01
16.62	-86.025
16.64	-86.019
16.66	-86.014
16.68	-86.015
16.7	-86.009
16.72	-86
16.74	-86.007
16.76	-86.008
16.78	-85.996
16.8	-86.005
16.82	-86.019
16.84	-86.005
16.86	-85.992
16.88	-85.992
16.9	-85.989
16.92	-86.004
16.94	-86.005
16.96	-85.989
16.98	-85.993
17	-86.007
17.02	-86.004
17.04	-85.983
17.06	-85.986
17.08	-85.993
17.1	-85.997
17.12	-85.999
17.14	-86
17.16	-86
17.18	-86.007
17.2	-86
17.22	-85.993
17.24	-86.005
17.26	-86.014
17.28	-86.01
17.3	-86.012
17.32	-86.018
17.34	-86.005
17.36	-85.999
17.38	-85.996
17.4	-86
17.42	-85.989
17.44	-85.996
17.46	-86.015
17.48	-86.008
17.5	-85.997
17.52	-85.999
17.54	-86.005
17.56	-86.004
17.58	-86.015
17.6	-86.004
17.62	-85.993
17.64	-85.989
17.66	-85.972
17.68	-85.982
17.7	-86
17.72	-86.002
17.74	-85.996
17.76	-85.993
17.78	-85.999
17.8	-86.008
17.82	-86.005
17.84	-85.993
17.86	-86.013
17.88	-86.026
17.9	-86.009
17.92	-85.991
17.94	-86.002
17.96	-86.004
17.98	-85.989
18	-86.001
18.02	-86.007
18.04	-85.994
18.06	-86
18.08	-85.998
18.1	-86.007
18.12	-86.008
18.14	-85.986
18.16	-85.989
18.18	-86.003
18.2	-86.01
18.22	-86.003
18.24	-85.996
18.26	-86.011
18.28	-85.998
18.3	-85.989
18.32	-86.006
18.34	-85.997
18.36	-85.986
18.38	-85.997
18.4	-85.995
18.42	-85.999
18.44	-86.004
18.46	-85.998
18.48	-86
18.5	-86.013
18.52	-86.005
18.54	-85.994
18.56	-85.987
18.58	-85.989
18.6	-85.991
18.62	-85.991
18.64	-85.977
18.66	-85.992
18.68	-85.999
18.7	-86.007
18.72	-86.014
18.74	-86.004
18.76	-85.999
18.78	-86.001
18.8	-86.011
18.82	-86
18.84	-85.999
18.86	-85.997
18.88	-85.995
18.9	-85.999
18.92	-86.001
18.94	-86.004
18.96	-86.008
18.98	-85.995
19	-85.99
19.02	-85.991
19.04	-85.999
19.06	-86.002
19.08	-86.011
19.1	-85.996
19.12	-86.003
19.14	-86.01
19.16	-85.994
19.18	-86.011
19.2	-86.01
19.22	-86.006
19.24	-85.997
19.26	-86.005
19.28	-86.005
19.3	-85.997
19.32	-85.997
19.34	-86
19.36	-86.005
19.38	-86.005
19.4	-86
19.42	-86
19.44	-85.996
19.46	-85.99
19.48	-85.979
19.5	-85.986
19.52	-85.999
19.54	-85.996
19.56	-85.995
19.58	-85.983
19.6	-85.997
19.62	-86.006
19.64	-85.993
19.66	-85.986
19.68	-85.999
19.7	-85.99
19.72	-85.985
19.74	-85.975
19.76	-85.974
19.78	-85.986
19.8	-86.006
19.82	-86
19.84	-85.993
19.86	-85.986
19.88	-85.989
19.9	-85.984
19.92	-85.996
19.94	-85.992
19.96	-85.988
19.98	-85.987
20	-85.988
20.02	-85.982
20.04	-85.977
20.06	-85.987
20.08	-85.988
20.1	-85.983
20.12	-85.99
20.14	-85.981
20.16	-85.968
20.18	-85.979
20.2	-85.98
20.22	-85.994
20.24	-85.999
20.26	-85.981
20.28	-85.984
20.3	-85.975
20.32	-85.988
20.34	-85.993
20.36	-85.989
20.38	-86.008
20.4	-86.007
20.42	-85.991
20.44	-85.988
20.46	-85.991
20.48	-85.98
20.5	-85.98
20.52	-85.977
20.54	-85.988
20.56	-86.005
20.58	-85.997
20.6	-85.983
20.62	-85.969
20.64	-85.988
20.66	-85.99
20.68	-85.986
20.7	-85.993
20.72	-86.002
20.74	-86.004
20.76	-85.983
20.78	-85.98
20.8	-85.985
20.82	-85.987
20.84	-85.989
20.86	-85.983
20.88	-85.989
20.9	-85.991
20.92	-85.979
20.94	-85.983
20.96	-85.996
20.98	-85.992
21	-85.992
21.02	-85.989
21.04	-85.983
21.06	-85.993
21.08	-85.983
21.1	-85.964
21.12	-85.969
21.14	-85.973
21.16	-85.983
21.18	-85.991
21.2	-86.003
21.22	-85.996
21.24	-85.983
21.26	-85.992
21.28	-85.992
21.3	-85.984
21.32	-85.993
21.34	-85.977
21.36	-85.977
21.38	-85.996
21.4	-85.996
21.42	-85.997
21.44	-85.995
21.46	-85.98
21.48	-85.987
21.5	-85.971
21.52	-85.97
21.54	-85.972
21.56	-85.99
21.58	-85.996
21.6	-86
21.62	-85.997
21.64	-85.988
21.66	-85.971
21.68	-85.982
21.7	-85.994
21.72	-85.989
21.74	-85.971
21.76	-85.966
21.78	-85.973
21.8	-85.98
21.82	-85.978
21.84	-85.985
21.86	-85.989
21.88	-85.996
21.9	-85.996
21.92	-85.99
21.94	-85.982
21.96	-85.983
21.98	-85.98
22	-85.979
22.02	-85.987
22.04	-85.985
22.06	-85.993
22.08	-86.002
22.1	-86.004
22.12	-85.973
22.14	-85.972
22.16	-85.983
22.18	-85.972
22.2	-85.988
22.22	-85.996
22.24	-85.991
22.26	-85.989
22.28	-85.982
22.3	-85.986
22.32	-85.984
22.34	-85.979
22.36	-85.986
22.38	-85.991
22.4	-85.975
22.42	-85.977
22.44	-85.986
22.46	-85.988
22.48	-85.979
22.5	-85.975
22.52	-85.972
22.54	-85.982
22.56	-85.972
22.58	-85.969
22.6	-85.979
22.62	-85.991
22.64	-85.994
22.66	-85.974
22.68	-85.963
22.7	-85.968
22.72	-85.982
22.74	-85.994
22.76	-85.986
22.78	-85.982
22.8	-85.989
22.82	-85.987
22.84	-85.97
22.86	-85.982
22.88	-85.978
22.9	-85.969
22.92	-85.977
22.94	-85.988
22.96	-85.974
22.98	-85.966
23	-85.971
23.02	-85.979
23.04	-85.985
23.06	-85.969
23.08	-85.985
23.1	-85.985
23.12	-85.983
23.14	-85.984
23.16	-85.964
23.18	-85.97
23.2	-85.969
23.22	-85.973
23.24	-85.979
23.26	-85.991
23.28	-85.992
23.3	-85.987
23.32	-85.983
23.34	-85.994
23.36	-85.974
23.38	-85.963
23.4	-85.976
23.42	-85.987
23.44	-85.993
23.46	-85.993
23.48	-85.972
23.5	-85.959
23.52	-85.961
23.54	-85.957
23.56	-85.96
23.58	-85.97
23.6	-85.985
23.62	-85.991
23.64	-85.978
23.66	-85.975
23.68	-85.982
23.7	-85.988
23.72	-85.991
23.74	-85.993
23.76	-85.975
23.78	-85.972
23.8	-85.981
23.82	-85.985
23.84	-85.979
23.86	-85.986
23.88	-85.988
23.9	-85.977
23.92	-85.986
23.94	-85.997
23.96	-85.982
23.98	-85.972
24	-85.985
24.02	-85.98
24.04	-85.983
24.06	-85.991
24.08	-85.985
24.1	-85.965
24.12	-85.972
24.14	-85.982
24.16	-85.983
24.18	-85.977
24.2	-85.961
24.22	-85.971
24.24	-85.98
24.26	-85.978
24.28	-85.962
24.3	-85.963
24.32	-85.973
24.34	-85.989
24.36	-85.964
24.38	-85.96
24.4	-85.983
24.42	-85.988
24.44	-85.975
24.46	-85.985
24.48	-85.973
24.5	-85.976
24.52	-85.989
24.54	-85.989
24.56	-85.974
24.58	-85.974
24.6	-85.972
24.62	-85.982
24.64	-85.98
24.66	-85.983
24.68	-85.996
24.7	-85.99
24.72	-85.991
24.74	-85.98
24.76	-85.98
24.78	-85.975
24.8	-85.973
24.82	-85.991
24.84	-85.979
24.86	-85.977
24.88	-85.981
24.9	-85.979
24.92	-85.978
24.94	-85.983
24.96	-85.987
24.98	-85.986
25	-85.998
25.02	-85.997
25.04	-85.979
25.06	-85.98
25.08	-85.982
25.1	-85.982
25.12	-85.977
25.14	-85.987
25.16	-85.996
25.18	-85.997
25.2	-85.985
25.22	-85.982
25.24	-85.988
25.26	-85.988
25.28	-85.993
25.3	-85.992
25.32	-85.983
25.34	-85.981
25.36	-85.985
25.38	-85.992
25.4	-85.983
25.42	-85.969
25.44	-85.969
25.46	-85.974
25.48	-85.989
25.5	-85.985
25.52	-85.983
25.54	-85.986
25.56	-85.984
25.58	-85.973
25.6	-85.978
25.62	-85.994
25.64	-85.985
25.66	-85.988
25.68	-85.992
25.7	-85.988
25.72	-85.975
25.74	-85.986
25.76	-85.968
25.78	-85.972
25.8	-85.983
25.82	-85.972
25.84	-85.987
25.86	-85.991
25.88	-85.985
25.9	-85.983
25.92	-85.983
25.94	-85.973
25.96	-85.969
25.98	-85.985
26	-85.983
26.02	-85.994
26.04	-85.985
26.06	-85.983
26.08	-85.99
26.1	-85.997
26.12	-85.983
26.14	-85.982
26.16	-85.986
26.18	-85.969
26.2	-85.961
26.22	-85.979
26.24	-85.985
26.26	-85.977
26.28	-85.98
26.3	-85.99
26.32	-85.994
26.34	-85.992
26.36	-85.989
26.38	-85.999
26.4	-85.99
26.42	-85.998
26.44	-85.998
26.46	-85.998
26.48	-85.995
26.5	-85.999
26.52	-85.983
26.54	-85.986
26.56	-85.985
26.58	-85.98
26.6	-86.003
26.62	-85.994
26.64	-85.99
26.66	-85.992
26.68	-85.994
26.7	-85.986
26.72	-85.989
26.74	-85.986
26.76	-85.984
26.78	-85.997
26.8	-85.986
26.82	-85.99
26.84	-85.989
26.86	-85.992
26.88	-85.997
26.9	-85.996
26.92	-85.98
26.94	-85.979
26.96	-85.996
26.98	-85.986
27	-85.986
27.02	-85.984
27.04	-86.491
27.06	-91.268
27.08	-90.338
27.1	-86.986
27.12	-86.169
27.14	-86.284
27.16	-86.447
27.18	-86.481
27.2	-86.485
27.22	-86.499
27.24	-86.525
27.26	-86.565
27.28	-86.6
27.3	-86.611
27.32	-86.646
27.34	-86.676
27.36	-86.705
27.38	-86.743
27.4	-86.757
27.42	-86.759
27.44	-86.782
27.46	-86.809
27.48	-86.828
27.5	-86.856
27.52	-86.88
27.54	-86.919
27.56	-86.932
27.58	-86.939
27.6	-86.947
27.62	-86.992
27.64	-87.015
27.66	-87.017
27.68	-87.046
27.7	-87.073
27.72	-87.094
27.74	-87.107
27.76	-87.116
27.78	-87.145
27.8	-87.158
27.82	-87.18
27.84	-87.202
27.86	-87.211
27.88	-87.22
27.9	-87.248
27.92	-87.263
27.94	-87.286
27.96	-87.292
27.98	-87.316
28	-87.332
28.02	-87.355
28.04	-87.364
28.06	-87.384
28.08	-87.395
28.1	-87.406
28.12	-87.427
28.14	-87.435
28.16	-87.442
28.18	-87.473
28.2	-87.501
28.22	-87.523
28.24	-87.532
28.26	-87.526
28.28	-87.537
28.3	-87.559
28.32	-87.581
28.34	-87.584
28.36	-87.603
28.38	-87.631
28.4	-87.648
28.42	-87.672
28.44	-87.676
28.46	-87.679
28.48	-87.702
28.5	-87.716
28.52	-87.733
28.54	-87.734
28.56	-87.756
28.58	-87.753
28.6	-87.769
28.62	-87.787
28.64	-87.808
28.66	-87.819
28.68	-87.832
28.7	-87.839
28.72	-87.862
28.74	-87.855
28.76	-87.871
28.78	-87.907
28.8	-87.913
28.82	-87.913
28.84	-87.916
28.86	-87.939
28.88	-87.954
28.9	-87.98
28.92	-87.98
28.94	-87.989
28.96	-87.999
28.98	-88.026
29	-88.038
29.02	-88.038
29.04	-87.609
29.06	-82.872
29.08	-83.604
29.1	-87.065
29.12	-87.922
29.14	-87.812
29.16	-87.669
29.18	-87.64
29.2	-87.631
29.22	-87.633
29.24	-87.615
29.26	-87.59
29.28	-87.564
29.3	-87.572
29.32	-87.555
29.34	-87.565
29.36	-87.54
29.38	-87.51
29.4	-87.505
29.42	-87.497
29.44	-87.498
29.46	-87.479
29.48	-87.47
29.5	-87.464
29.52	-87.442
29.54	-87.427
29.56	-87.406
29.58	-87.415
29.6	-87.403
29.62	-87.393
29.64	-87.371
29.66	-87.373
29.68	-87.366
29.7	-87.359
29.72	-87.347
29.74	-87.336
29.76	-87.31
29.78	-87.315
29.8	-87.307
29.82	-87.313
29.84	-87.303
29.86	-87.296
29.88	-87.282
29.9	-87.279
29.92	-87.279
29.94	-87.278
29.96	-87.26
29.98	-87.244
30	-87.236
30.02	-87.242
30.04	-87.227
30.06	-87.218
30.08	-87.219
30.1	-87.226
30.12	-87.235
30.14	-87.222
30.16	-87.213
30.18	-87.203
30.2	-87.198
30.22	-87.176
30.24	-87.185
30.26	-87.185
30.28	-87.183
30.3	-87.176
30.32	-87.172
30.34	-87.164
30.36	-87.166
30.38	-87.149
30.4	-87.15
30.42	-87.15
30.44	-87.153
30.46	-87.135
30.48	-87.126
30.5	-87.12
30.52	-87.125
30.54	-87.133
30.56	-87.122
30.58	-87.108
30.6	-87.117
30.62	-87.124
30.64	-87.122
30.66	-87.101
30.68	-87.082
30.7	-87.088
30.72	-87.096
30.74	-87.092
30.76	-87.071
30.78	-87.083
30.8	-87.084
30.82	-87.068
30.84	-87.077
30.86	-87.067
30.88	-87.069
30.9	-87.073
30.92	-87.075
30.94	-87.062
30.96	-87.055
30.98	-87.046
31	-87.057
31.02	-87.038
31.04	-87.028
31.06	-87.036
31.08	-87.045
31.1	-87.045
31.12	-87.031
31.14	-87.028
31.16	-87.041
31.18	-87.033
31.2	-87.034
31.22	-87.026
31.24	-87.002
31.26	-86.997
31.28	-87.001
31.3	-86.994
31.32	-86.996
31.34	-87.02
31.36	-87.02
31.38	-86.999
31.4	-86.989
31.42	-86.998
31.44	-87
31.46	-86.99
31.48	-86.98
31.5	-86.977
31.52	-86.975
31.54	-86.97
31.56	-86.97
31.58	-86.97
31.6	-86.974
31.62	-86.984
31.64	-86.963
31.66	-86.948
31.68	-86.965
31.7	-86.966
31.72	-86.964
31.74	-86.961
31.76	-86.961
31.78	-86.962
31.8	-86.951
31.82	-86.947
31.84	-86.956
31.86	-86.93
31.88	-86.93
31.9	-86.943
31.92	-86.947
31.94	-86.946
31.96	-86.942
31.98	-86.936
32	-86.923
32.02	-86.931
32.04	-86.939
32.06	-86.921
32.08	-86.919
32.1	-86.923
32.12	-86.915
32.14	-86.919
32.16	-86.921
32.18	-86.916
32.2	-86.918
32.22	-86.914
32.24	-86.917
32.26	-86.898
32.28	-86.896
32.3	-86.907
32.32	-86.909
32.34	-86.899
32.36	-86.89
32.38	-86.896
32.4	-86.912
32.42	-86.918
32.44	-86.896
32.46	-86.903
32.48	-86.902
32.5	-86.89
32.52	-86.884
32.54	-86.884
32.56	-86.887
32.58	-86.885
32.6	-86.871
32.62	-86.862
32.64	-86.874
32.66	-86.87
32.68	-86.864
32.7	-86.856
32.72	-86.861
32.74	-86.869
32.76	-86.885
32.78	-86.868
32.8	-86.857
32.82	-86.868
32.84	-86.865
32.86	-86.856
32.88	-86.848
32.9	-86.845
32.92	-86.851
32.94	-86.851
32.96	-86.842
32.98	-86.832
33	-86.843
33.02	-86.84
33.04	-86.839
33.06	-86.849
33.08	-86.843
33.1	-86.84
33.12	-86.843
33.14	-86.835
33.16	-86.84
33.18	-86.84
33.2	-86.841
33.22	-86.823
33.24	-86.821
33.26	-86.82
33.28	-86.802
33.3	-86.826
33.32	-86.813
33.34	-86.818
33.36	-86.823
33.38	-86.817
33.4	-86.812
33.42	-86.816
33.44	-86.817
33.46	-86.809
33.48	-86.793
33.5	-86.79
33.52	-86.807
33.54	-86.807
33.56	-86.793
33.58	-86.787
33.6	-86.783
33.62	-86.797
33.64	-86.804
33.66	-86.809
33.68	-86.812
33.7	-86.794
33.72	-86.783
33.74	-86.784
33.76	-86.79
33.78	-86.774
33.8	-86.78
33.82	-86.787
33.84	-86.788
33.86	-86.791
33.88	-86.788
33.9	-86.787
33.92	-86.763
33.94	-86.762
33.96	-86.771
33.98	-86.779
34	-86.779
34.02	-86.764
34.04	-86.771
34.06	-86.781
34.08	-86.764
34.1	-86.762
34.12	-86.763
34.14	-86.764
34.16	-86.759
34.18	-86.752
34.2	-86.757
34.22	-86.765
34.24	-86.748
34.26	-86.746
34.28	-86.766
34.3	-86.774
34.32	-86.766
34.34	-86.746
34.36	-86.748
34.38	-86.746
34.4	-86.741
34.42	-86.759
34.44	-86.742
34.46	-86.739
34.48	-86.735
34.5	-86.723
34.52	-86.733
34.54	-86.746
34.56	-86.751
34.58	-86.747
34.6	-86.744
34.62	-86.734
34.64	-86.737
34.66	-86.729
34.68	-86.724
34.7	-86.734
34.72	-86.735
34.74	-86.728
34.76	-86.726
34.78	-86.726
34.8	-86.738
34.82	-86.739
34.84	-86.712
34.86	-86.719
34.88	-86.73
34.9	-86.733
34.92	-86.738
34.94	-86.74
34.96	-86.723
34.98	-86.717
35	-86.719
35.02	-86.714
35.04	-86.704
35.06	-86.705
35.08	-86.707
35.1	-86.706
35.12	-86.725
35.14	-86.735
35.16	-86.721
35.18	-86.71
35.2	-86.705
35.22	-86.712
35.24	-86.7
35.26	-86.693
35.28	-86.705
35.3	-86.701
35.32	-86.687
35.34	-86.69
35.36	-86.701
35.38	-86.71
35.4	-86.688
35.42	-86.693
35.44	-86.694
35.46	-86.694
35.48	-86.691
35.5	-86.683
35.52	-86.692
35.54	-86.699
35.56	-86.693
35.58	-86.692
35.6	-86.697
35.62	-86.685
35.64	-86.679
35.66	-86.694
35.68	-86.704
35.7	-86.68
35.72	-86.676
35.74	-86.67
35.76	-86.679
35.78	-86.692
35.8	-86.678
35.82	-86.666
35.84	-86.679
35.86	-86.672
35.88	-86.667
35.9	-86.679
35.92	-86.679
35.94	-86.671
35.96	-86.657
35.98	-86.658
36	-86.673
36.02	-86.672
36.04	-86.666
36.06	-86.653
36.08	-86.655
36.1	-86.657
36.12	-86.649
36.14	-86.646
36.16	-86.654
36.18	-86.663
36.2	-86.655
36.22	-86.652
36.24	-86.641
36.26	-86.641
36.28	-86.657
36.3	-86.661
36.32	-86.658
36.34	-86.65
36.36	-86.657
36.38	-86.664
36.4	-86.65
36.42	-86.638
36.44	-86.643
36.46	-86.646
36.48	-86.647
36.5	-86.666
36.52	-86.655
36.54	-86.641
36.56	-86.642
36.58	-86.644
36.6	-86.631
36.62	-86.626
36.64	-86.636
36.66	-86.632
36.68	-86.646
36.7	-86.627
36.72	-86.635
36.74	-86.635
36.76	-86.629
36.78	-86.629
36.8	-86.629
36.82	-86.626
36.84	-86.622
36.86	-86.614
36.88	-86.623
36.9	-86.624
36.92	-86.636
36.94	-86.631
36.96	-86.633
36.98	-86.625
37	-86.62
37.02	-86.612
37.04	-86.616
37.06	-86.615
37.08	-86.611
37.1	-86.611
37.12	-86.609
37.14	-86.616
37.16	-86.607
37.18	-86.604
37.2	-86.609
37.22	-86.616
37.24	-86.614
37.26	-86.622
37.28	-86.615
37.3	-86.608
37.32	-86.595
37.34	-86.596
37.36	-86.608
37.38	-86.598
37.4	-86.607
37.42	-86.596
37.44	-86.603
37.46	-86.588
37.48	-86.591
37.5	-86.592
37.52	-86.596
37.54	-86.602
37.56	-86.605
37.58	-86.602
37.6	-86.59
37.62	-86.588
37.64	-86.58
37.66	-86.586
37.68	-86.586
37.7	-86.585
37.72	-86.583
37.74	-86.586
37.76	-86.589
37.78	-86.581
37.8	-86.597
37.82	-86.588
37.84	-86.564
37.86	-86.58
37.88	-86.584
37.9	-86.577
37.92	-86.586
37.94	-86.586
37.96	-86.606
37.98	-86.602
38	-86.574
38.02	-86.56
38.04	-86.569
38.06	-86.565
38.08	-86.585
38.1	-86.583
38.12	-86.576
38.14	-86.58
38.16	-86.577
38.18	-86.575
38.2	-86.564
38.22	-86.572
38.24	-86.582
38.26	-86.58
38.28	-86.567
38.3	-86.571
38.32	-86.56
38.34	-86.564
38.36	-86.564
38.38	-86.571
38.4	-86.578
38.42	-86.554
38.44	-86.564
38.46	-86.567
38.48	-86.567
38.5	-86.555
38.52	-86.552
38.54	-86.555
38.56	-86.549
38.58	-86.555
38.6	-86.554
38.62	-86.558
38.64	-86.555
38.66	-86.555
38.68	-86.568
38.7	-86.557
38.72	-86.539
38.74	-86.542
38.76	-86.552
38.78	-86.546
38.8	-86.547
38.82	-86.559
38.84	-86.564
38.86	-86.549
38.88	-86.541
38.9	-86.535
38.92	-86.537
38.94	-86.542
38.96	-86.549
38.98	-86.56
39	-86.54
39.02	-86.536
39.04	-86.537
39.06	-86.524
39.08	-86.537
39.1	-86.542
39.12	-86.538
39.14	-86.536
39.16	-86.544
39.18	-86.539
39.2	-86.528
39.22	-86.524
39.24	-86.527
39.26	-86.542
39.28	-86.547
39.3	-86.538
39.32	-86.525
39.34	-86.528
39.36	-86.526
39.38	-86.535
39.4	-86.535
39.42	-86.519
39.44	-86.522
39.46	-86.522
39.48	-86.536
39.5	-86.517
39.52	-86.506
39.54	-86.525
39.56	-86.527
39.58	-86.527
39.6	-86.51
39.62	-86.522
39.64	-86.529
39.66	-86.519
39.68	-86.521
39.7	-86.519
39.72	-86.516
39.74	-86.518
39.76	-86.508
39.78	-86.51
39.8	-86.503
39.82	-86.496
39.84	-86.508
39.86	-86.52
39.88	-86.51
39.9	-86.503
39.92	-86.516
39.94	-86.511
39.96	-86.502
39.98	-86.496
40	-86.496
40.02	-86.505
40.04	-86.5
40.06	-86.497
40.08	-86.494
40.1	-86.489
40.12	-86.503
40.14	-86.506
40.16	-86.507
40.18	-86.499
40.2	-86.494
40.22	-86.494
40.24	-86.494
40.26	-86.494
40.28	-86.5
40.3	-86.511
40.32	-86.498
40.34	-86.492
40.36	-86.486
40.38	-86.483
40.4	-86.484
40.42	-86.477
40.44	-86.488
40.46	-86.493
40.48	-86.486
40.5	-86.492
40.52	-86.486
40.54	-86.48
40.56	-86.482
40.58	-86.488
40.6	-86.483
40.62	-86.475
40.64	-86.488
40.66	-86.493
40.68	-86.48
40.7	-86.477
40.72	-86.479
40.74	-86.487
40.76	-86.477
40.78	-86.457
40.8	-86.469
40.82	-86.472
40.84	-86.467
40.86	-86.467
40.88	-86.478
40.9	-86.471
40.92	-86.465
40.94	-86.462
40.96	-86.484
40.98	-86.494
41	-86.494
41.02	-86.475
41.04	-86.459
41.06	-86.456
41.08	-86.465
41.1	-86.471
41.12	-86.461
41.14	-86.465
41.16	-86.466
41.18	-86.47
41.2	-86.472
41.22	-86.459
41.24	-86.459
41.26	-86.453
41.28	-86.463
41.3	-86.472
41.32	-86.478
41.34	-86.472
41.36	-86.459
41.38	-86.455
41.4	-86.464
41.42	-86.471
41.44	-86.455
41.46	-86.459
41.48	-86.473
41.5	-86.46
41.52	-86.458
41.54	-86.472
41.56	-86.468
41.58	-86.45
41.6	-86.44
41.62	-86.442
41.64	-86.441
41.66	-86.44
41.68	-86.451
41.7	-86.458
41.72	-86.466
41.74	-86.444
41.76	-86.444
41.78	-86.455
41.8	-86.464
41.82	-86.453
41.84	-86.443
41.86	-86.443
41.88	-86.444
41.9	-86.45
41.92	-86.456
41.94	-86.447
41.96	-86.448
41.98	-86.452
42	-86.441
42.02	-86.433
42.04	-86.44
42.06	-86.44
42.08	-86.43
42.1	-86.433
42.12	-86.441
42.14	-86.437
42.16	-86.431
42.18	-86.447
42.2	-86.442
42.22	-86.441
42.24	-86.427
42.26	-86.436
42.28	-86.448
42.3	-86.439
42.32	-86.432
42.34	-86.437
42.36	-86.441
42.38	-86.438
42.4	-86.426
42.42	-86.425
42.44	-86.436
42.46	-86.423
42.48	-86.427
42.5	-86.427
42.52	-86.424
42.54	-86.43
42.56	-86.431
42.58	-86.426
42.6	-86.419
42.62	-86.43
42.64	-86.422
42.66	-86.416
42.68	-86.423
42.7	-86.426
42.72	-86.425
42.74	-86.43
42.76	-86.416
42.78	-86.414
42.8	-86.412
42.82	-86.414
42.84	-86.395
42.86	-86.412
42.88	-86.415
42.9	-86.417
42.92	-86.411
42.94	-86.405
42.96	-86.405
42.98	-86.409
43	-86.41
43.02	-86.419
43.04	-86.42
43.06	-86.413
43.08	-86.412
43.1	-86.402
43.12	-86.397
43.14	-86.4
43.16	-86.412
43.18	-86.423
43.2	-86.419
43.22	-86.397
43.24	-86.389
43.26	-86.397
43.28	-86.402
43.3	-86.409
43.32	-86.411
43.34	-86.4
43.36	-86.384
43.38	-86.394
43.4	-86.391
43.42	-86.404
43.44	-86.408
43.46	-86.4
43.48	-86.4
43.5	-86.384
43.52	-86.394
43.54	-86.405
43.56	-86.396
43.58	-86.387
43.6	-86.405
43.62	-86.406
43.64	-86.391
43.66	-86.393
43.68	-86.394
43.7	-86.386
43.72	-86.392
43.74	-86.392
43.76	-86.401
43.78	-86.404
43.8	-86.392
43.82	-86.383
43.84	-86.388
43.86	-86.397
43.88	-86.386
43.9	-86.391
43.92	-86.394
43.94	-86.376
43.96	-86.367
43.98	-86.375
44	-86.376
44.02	-86.395
44.04	-86.384
44.06	-86.387
44.08	-86.39
44.1	-86.389
44.12	-86.386
44.14	-86.381
44.16	-86.387
44.18	-86.389
44.2	-86.389
44.22	-86.375
44.24	-86.377
44.26	-86.377
44.28	-86.381
44.3	-86.37
44.32	-86.37
44.34	-86.382
44.36	-86.385
44.38	-86.368
44.4	-86.384
44.42	-86.376
44.44	-86.364
44.46	-86.375
44.48	-86.369
44.5	-86.373
44.52	-86.37
44.54	-86.381
44.56	-86.378
44.58	-86.361
44.6	-86.358
44.62	-86.365
44.64	-86.379
44.66	-86.359
44.68	-86.359
44.7	-86.361
44.72	-86.358
44.74	-86.374
44.76	-86.359
44.78	-86.353
44.8	-86.362
44.82	-86.359
44.84	-86.381
44.86	-86.379
44.88	-86.367
44.9	-86.364
44.92	-86.383
44.94	-86.379
44.96	-86.354
44.98	-86.36
45	-86.364
45.02	-86.37
45.04	-86.354
45.06	-86.362
45.08	-86.368
45.1	-86.359
45.12	-86.355
45.14	-86.36
45.16	-86.364
45.18	-86.354
45.2	-86.356
45.22	-86.345
45.24	-86.359
45.26	-86.353
45.28	-86.362
45.3	-86.364
45.32	-86.358
45.34	-86.343
45.36	-86.351
45.38	-86.362
45.4	-86.367
45.42	-86.345
45.44	-86.34
45.46	-86.339
45.48	-86.362
45.5	-86.357
45.52	-86.348
45.54	-86.365
45.56	-86.355
45.58	-86.356
45.6	-86.359
45.62	-86.357
45.64	-86.344
45.66	-86.347
45.68	-86.341
45.7	-86.338
45.72	-86.338
45.74	-86.364
45.76	-86.363
45.78	-86.369
45.8	-86.348
45.82	-86.347
45.84	-86.361
45.86	-86.35
45.88	-86.359
45.9	-86.354
45.92	-86.356
45.94	-86.353
45.96	-86.35
45.98	-86.354
46	-86.344
46.02	-86.334
46.04	-86.331
46.06	-86.34
46.08	-86.348
46.1	-86.352
46.12	-86.333
46.14	-86.329
46.16	-86.337
46.18	-86.342
46.2	-86.33
46.22	-86.339
46.24	-86.337
46.26	-86.343
46.28	-86.34
46.3	-86.338
46.32	-86.345
46.34	-86.334
46.36	-86.327
46.38	-86.336
46.4	-86.35
46.42	-86.342
46.44	-86.328
46.46	-86.345
46.48	-86.346
46.5	-86.339
46.52	-86.326
46.54	-86.333
46.56	-86.326
46.58	-86.323
46.6	-86.316
46.62	-86.321
46.64	-86.332
46.66	-86.324
46.68	-86.333
46.7	-86.335
46.72	-86.315
46.74	-86.325
46.76	-86.334
46.78	-86.333
46.8	-86.333
46.82	-86.331
46.84	-86.329
46.86	-86.333
46.88	-86.342
46.9	-86.323
46.92	-86.307
46.94	-86.331
46.96	-86.332
46.98	-86.31
47	-86.333
47.02	-86.327
47.04	-86.316
47.06	-86.334
47.08	-86.333
47.1	-86.321
47.12	-86.307
47.14	-86.322
47.16	-86.332
47.18	-86.34
47.2	-86.334
47.22	-86.331
47.24	-86.326
47.26	-86.316
47.28	-86.312
47.3	-86.326
47.32	-86.332
47.34	-86.312
47.36	-86.316
47.38	-86.324
47.4	-86.322
47.42	-86.322
47.44	-86.328
47.46	-86.309
47.48	-86.311
47.5	-86.303
47.52	-86.314
47.54	-86.325
47.56	-86.327
47.58	-86.339
47.6	-86.317
47.62	-86.314
47.64	-86.322
47.66	-86.313
47.68	-86.318
47.7	-86.33
47.72	-86.309
47.74	-86.318
47.76	-86.329
47.78	-86.312
47.8	-86.315
47.82	-86.315
47.84	-86.318
47.86	-86.312
47.88	-86.307
47.9	-86.324
47.92	-86.326
47.94	-86.315
47.96	-86.322
47.98	-86.306
48	-86.301
48.02	-86.31
48.04	-86.318
48.06	-86.311
48.08	-86.306
48.1	-86.309
48.12	-86.325
48.14	-86.315
48.16	-86.307
48.18	-86.312
48.2	-86.318
48.22	-86.331
48.24	-86.304
48.26	-86.3
48.28	-86.305
48.3	-86.32
48.32	-86.307
48.34	-86.306
48.36	-86.322
48.38	-86.323
48.4	-86.315
48.42	-86.301
48.44	-86.311
48.46	-86.3
48.48	-86.312
48.5	-86.333
48.52	-86.323
48.54	-86.305
48.56	-86.296
48.58	-86.293
48.6	-86.309
48.62	-86.317
48.64	-86.308
48.66	-86.293
48.68	-86.31
48.7	-86.32
48.72	-86.306
48.74	-86.301
48.76	-86.306
48.78	-86.301
48.8	-86.286
48.82	-86.295
48.84	-86.306
48.86	-86.303
48.88	-86.299
48.9	-86.296
48.92	-86.3
48.94	-86.3
48.96	-86.303
48.98	-86.278
49	-86.289
49.02	-86.305
49.04	-86.29
49.06	-86.304
49.08	-86.317
49.1	-86.3
49.12	-86.296
49.14	-86.281
49.16	-86.281
49.18	-86.302
49.2	-86.307
49.22	-86.305
49.24	-86.293
49.26	-86.292
49.28	-86.306
49.3	-86.309
49.32	-86.284
49.34	-86.291
49.36	-86.293
49.38	-86.293
49.4	-86.306
49.42	-86.315
49.44	-86.287
49.46	-86.271
49.48	-86.279
49.5	-86.296
49.52	-86.295
49.54	-86.293
49.56	-86.302
49.58	-86.299
49.6	-86.282
49.62	-86.27
49.64	-86.284
49.66	-86.284
49.68	-86.283
49.7	-86.279
49.72	-86.289
49.74	-86.3
49.76	-86.292
49.78	-86.29
49.8	-86.272
49.82	-86.282
49.84	-86.289
49.86	-86.273
49.88	-86.272
49.9	-86.288
49.92	-86.288
49.94	-86.281
49.96	-86.29
49.98	-86.291
50	-86.279
50.02	-86.266
50.04	-86.272
50.06	-86.293
50.08	-86.29
50.1	-86.287
50.12	-86.278
50.14	-86.285
50.16	-86.275
50.18	-86.278
50.2	-86.275
50.22	-86.272
50.24	-86.277
50.26	-86.279
50.28	-86.272
50.3	-86.278
50.32	-86.287
50.34	-86.283
50.36	-86.284
50.38	-86.283
50.4	-86.291
50.42	-86.286
50.44	-86.28
50.46	-86.276
50.48	-86.268
50.5	-86.269
50.52	-86.273
50.54	-86.276
50.56	-86.279
50.58	-86.27
50.6	-86.265
50.62	-86.277
50.64	-86.274
50.66	-86.273
50.68	-86.276
50.7	-86.272
50.72	-86.277
50.74	-86.267
50.76	-86.267
50.78	-86.277
50.8	-86.266
50.82	-86.251
50.84	-86.253
50.86	-86.265
50.88	-86.266
50.9	-86.257
50.92	-86.265
50.94	-86.272
50.96	-86.276
50.98	-86.274
51	-86.28
51.02	-86.254
51.04	-86.251
51.06	-86.248
51.08	-86.251
51.1	-86.264
51.12	-86.262
51.14	-86.267
51.16	-86.261
51.18	-86.26
51.2	-86.264
51.22	-86.286
51.24	-86.271
51.26	-86.259
51.28	-86.263
51.3	-86.256
51.32	-86.256
51.34	-86.257
51.36	-86.267
51.38	-86.262
51.4	-86.265
51.42	-86.265
51.44	-86.262
51.46	-86.253
51.48	-86.259
51.5	-86.253
51.52	-86.251
51.54	-86.259
51.56	-86.267
51.58	-86.262
51.6	-86.262
51.62	-86.253
51.64	-86.255
51.66	-86.243
51.68	-86.248
51.7	-86.248
51.72	-86.253
51.74	-86.26
51.76	-86.253
51.78	-86.271
51.8	-86.263
51.82	-86.252
51.84	-86.26
51.86	-86.256
51.88	-86.252
51.9	-86.258
51.92	-86.257
51.94	-86.261
51.96	-86.253
51.98	-86.245
52	-86.242
52.02	-86.24
52.04	-86.251
52.06	-86.253
52.08	-86.253
52.1	-86.249
52.12	-86.242
52.14	-86.241
52.16	-86.247
52.18	-86.251
52.2	-86.263
52.22	-86.249
52.24	-86.245
52.26	-86.253
52.28	-86.249
52.3	-86.228
52.32	-86.24
52.34	-86.249
52.36	-86.268
52.38	-86.257
52.4	-86.239
52.42	-86.243
52.44	-86.239
52.46	-86.227
52.48	-86.236
52.5	-86.25
52.52	-86.252
52.54	-86.248
52.56	-86.232
52.58	-86.244
52.6	-86.237
52.62	-86.245
52.64	-86.255
52.66	-86.255
52.68	-86.242
52.7	-86.235
52.72	-86.238
52.74	-86.246
52.76	-86.246
52.78	-86.233
52.8	-86.239
52.82	-86.235
52.84	-86.243
52.86	-86.252
52.88	-86.239
52.9	-86.248
52.92	-86.238
52.94	-86.235
52.96	-86.224
52.98	-86.24
53	-86.22
53.02	-86.217
53.04	-86.231
53.06	-86.242
53.08	-86.233
53.1	-86.232
53.12	-86.232
53.14	-86.232
53.16	-86.24
53.18	-86.22
53.2	-86.226
53.22	-86.249
53.24	-86.233
53.26	-86.226
53.28	-86.234
53.3	-86.233
53.32	-86.235
53.34	-86.224
53.36	-86.232
53.38	-86.245
53.4	-86.246
53.42	-86.231
53.44	-86.223
53.46	-86.229
53.48	-86.237
53.5	-86.251
53.52	-86.232
53.54	-86.235
53.56	-86.24
53.58	-86.228
53.6	-86.232
53.62	-86.249
53.64	-86.236
53.66	-86.221
53.68	-86.203
53.7	-86.222
53.72	-86.228
53.74	-86.225
53.76	-86.228
53.78	-86.234
53.8	-86.238
53.82	-86.227
53.84	-86.235
53.86	-86.227
53.88	-86.232
53.9	-86.234
53.92	-86.227
53.94	-86.228
53.96	-86.223
53.98	-86.229
54	-86.223
54.02	-86.216
54.04	-86.215
54.06	-86.204
54.08	-86.227
54.1	-86.235
54.12	-86.229
54.14	-86.221
54.16	-86.219
54.18	-86.206
54.2	-86.206
54.22	-86.212
54.24	-86.234
54.26	-86.228
54.28	-86.228
54.3	-86.229
54.32	-86.232
54.34	-86.218
54.36	-86.215
54.38	-86.22
54.4	-86.217
54.42	-86.216
54.44	-86.22
54.46	-86.205
54.48	-86.219
54.5	-86.228
54.52	-86.21
54.54	-86.204
54.56	-86.212
54.58	-86.212
54.6	-86.216
54.62	-86.226
54.64	-86.221
54.66	-86.213
54.68	-86.214
54.7	-86.232
54.72	-86.216
54.74	-86.215
54.76	-86.195
54.78	-86.208
54.8	-86.212
54.82	-86.21
54.84	-86.221
54.86	-86.204
54.88	-86.206
54.9	-86.231
54.92	-86.232
54.94	-86.217
54.96	-86.215
54.98	-86.199
55	-86.215
55.02	-86.221
55.04	-86.216
55.06	-86.212
55.08	-86.219
55.1	-86.219
55.12	-86.226
55.14	-86.212
55.16	-86.206
55.18	-86.204
55.2	-86.213
55.22	-86.221
55.24	-86.209
55.26	-86.213
55.28	-86.221
55.3	-86.213
55.32	-86.199
55.34	-86.204
55.36	-86.213
55.38	-86.22
55.4	-86.209
55.42	-86.198
55.44	-86.197
55.46	-86.207
55.48	-86.206
55.5	-86.209
55.52	-86.204
55.54	-86.197
55.56	-86.215
55.58	-86.211
55.6	-86.212
55.62	-86.22
55.64	-86.213
55.66	-86.208
55.68	-86.205
55.7	-86.196
55.72	-86.202
55.74	-86.197
55.76	-86.2
55.78	-86.207
55.8	-86.197
55.82	-86.19
55.84	-86.21
55.86	-86.217
55.88	-86.201
55.9	-86.213
55.92	-86.206
55.94	-86.203
55.96	-86.198
55.98	-86.209
56	-86.203
56.02	-86.179
56.04	-86.2
56.06	-86.188
56.08	-86.195
56.1	-86.205
56.12	-86.212
56.14	-86.217
56.16	-86.214
56.18	-86.208
56.2	-86.189
56.22	-86.191
56.24	-86.207
56.26	-86.203
56.28	-86.206
56.3	-86.192
56.32	-86.193
56.34	-86.199
56.36	-86.198
56.38	-86.193
56.4	-86.188
56.42	-86.206
56.44	-86.202
56.46	-86.192
56.48	-86.187
56.5	-86.195
56.52	-86.197
56.54	-86.192
56.56	-86.197
56.58	-86.199
56.6	-86.187
56.62	-86.199
56.64	-86.205
56.66	-86.19
56.68	-86.204
56.7	-86.212
56.72	-86.201
56.74	-86.187
56.76	-86.189
56.78	-86.191
56.8	-86.195
56.82	-86.184
56.84	-86.195
56.86	-86.196
56.88	-86.197
56.9	-86.189
56.92	-86.183
56.94	-86.177
56.96	-86.195
56.98	-86.198
57	-86.181
57.02	-86.186
57.04	-86.205
57.06	-86.194
57.08	-86.196
57.1	-86.201
57.12	-86.196
57.14	-86.174
57.16	-86.178
57.18	-86.195
57.2	-86.198
57.22	-86.187
57.24	-86.184
57.26	-86.178
57.28	-86.181
57.3	-86.168
57.32	-86.163
57.34	-86.181
57.36	-86.19
57.38	-86.186
57.4	-86.176
57.42	-86.184
57.44	-86.198
57.46	-86.193
57.48	-86.193
57.5	-86.19
57.52	-86.184
57.54	-86.188
57.56	-86.182
57.58	-86.184
57.6	-86.176
57.62	-86.176
57.64	-86.184
57.66	-86.189
57.68	-86.192
57.7	-86.189
57.72	-86.184
57.74	-86.174
57.76	-86.173
57.78	-86.185
57.8	-86.169
57.82	-86.175
57.84	-86.171
57.86	-86.171
57.88	-86.176
57.9	-86.163
57.92	-86.174
57.94	-86.174
57.96	-86.166
57.98	-86.168
58	-86.165
58.02	-86.166
58.04	-86.177
58.06	-86.173
58.08	-86.177
58.1	-86.182
58.12	-86.176
58.14	-86.167
58.16	-86.167
58.18	-86.163
58.2	-86.179
58.22	-86.169
58.24	-86.166
58.26	-86.167
58.28	-86.163
58.3	-86.169
58.32	-86.168
58.34	-86.168
58.36	-86.16
58.38	-86.159
58.4	-86.155
58.42	-86.167
58.44	-86.166
58.46	-86.171
58.48	-86.175
58.5	-86.168
58.52	-86.172
58.54	-86.163
58.56	-86.17
58.58	-86.159
58.6	-86.152
58.62	-86.18
58.64	-86.172
58.66	-86.157
58.68	-86.153
58.7	-86.153
58.72	-86.157
58.74	-86.164
58.76	-86.157
58.78	-86.156
58.8	-86.145
58.82	-86.162
58.84	-86.163
58.86	-86.149
58.88	-86.166
58.9	-86.168
58.92	-86.162
58.94	-86.148
58.96	-86.156
58.98	-86.158
59	-86.153
59.02	-86.158
59.04	-86.16
59.06	-86.153
59.08	-86.163
59.1	-86.162
59.12	-86.141
59.14	-86.153
59.16	-86.154
59.18	-86.154
59.2	-86.154
59.22	-86.153
59.24	-86.146
59.26	-86.158
59.28	-86.158
59.3	-86.148
59.32	-86.146
59.34	-86.146
59.36	-86.144
59.38	-86.141
59.4	-86.154
59.42	-86.148
59.44	-86.143
59.46	-86.152
59.48	-86.155
59.5	-86.152
59.52	-86.162
59.54	-86.149
59.56	-86.127
59.58	-86.14
59.6	-86.166
59.62	-86.153
59.64	-86.148
59.66	-86.149
59.68	-86.141
59.7	-86.157
59.72	-86.146
59.74	-86.137
59.76	-86.148
59.78	-86.158
59.8	-86.145
59.82	-86.158
59.84	-86.152
59.86	-86.148
59.88	-86.151
59.9	-86.146
59.92	-86.142
59.94	-86.136
59.96	-86.137
59.98	-86.141
60	-86.159
60.02	-86.151
60.04	-86.148
60.06	-86.144
60.08	-86.143
60.1	-86.142
60.12	-86.152
60.14	-86.154
60.16	-86.149
60.18	-86.152
60.2	-86.151
60.22	-86.16
60.24	-86.14
60.26	-86.127
60.28	-86.137
60.3	-86.141
60.32	-86.136
60.34	-86.141
60.36	-86.138
60.38	-86.145
60.4	-86.124
60.42	-86.119
60.44	-86.132
60.46	-86.126
60.48	-86.145
60.5	-86.138
60.52	-86.121
60.54	-86.127
60.56	-86.13
60.58	-86.141
60.6	-86.126
60.62	-86.122
60.64	-86.131
60.66	-86.135
60.68	-86.138
60.7	-86.133
60.72	-86.132
60.74	-86.125
60.76	-86.132
60.78	-86.14
60.8	-86.124
60.82	-86.124
60.84	-86.138
60.86	-86.13
60.88	-86.127
60.9	-86.12
60.92	-86.128
60.94	-86.129
60.96	-86.134
60.98	-86.138
61	-86.129
61.02	-86.121
61.04	-86.129
61.06	-86.127
61.08	-86.116
61.1	-86.119
61.12	-86.123
61.14	-86.119
61.16	-86.125
61.18	-86.137
61.2	-86.127
61.22	-86.115
61.24	-86.132
61.26	-86.121
61.28	-86.129
61.3	-86.119
61.32	-86.122
61.34	-86.127
61.36	-86.135
61.38	-86.132
61.4	-86.138
61.42	-86.141
61.44	-86.124
61.46	-86.131
61.48	-86.144
61.5	-86.127
61.52	-86.112
61.54	-86.121
61.56	-86.137
61.58	-86.135
61.6	-86.123
61.62	-86.116
61.64	-86.123
61.66	-86.134
61.68	-86.126
61.7	-86.115
61.72	-86.127
61.74	-86.134
61.76	-86.116
61.78	-86.124
61.8	-86.126
61.82	-86.13
61.84	-86.12
61.86	-86.117
61.88	-86.113
61.9	-86.125
61.92	-86.134
61.94	-86.124
61.96	-86.112
61.98	-86.121
62	-86.115
62.02	-86.113
62.04	-86.13
62.06	-86.11
62.08	-86.112
62.1	-86.119
62.12	-86.116
62.14	-86.115
62.16	-86.134
62.18	-86.121
62.2	-86.118
62.22	-86.118
62.24	-86.125
62.26	-86.132
62.28	-86.127
62.3	-86.118
62.32	-86.126
62.34	-86.127
62.36	-86.123
62.38	-86.127
62.4	-86.117
62.42	-86.121
62.44	-86.118
62.46	-86.116
62.48	-86.115
62.5	-86.126
62.52	-86.121
62.54	-86.112
62.56	-86.115
62.58	-86.118
62.6	-86.119
62.62	-86.107
62.64	-86.096
62.66	-86.115
62.68	-86.121
62.7	-86.115
62.72	-86.115
62.74	-86.113
62.76	-86.11
62.78	-86.101
62.8	-86.098
62.82	-86.107
62.84	-86.115
62.86	-86.118
62.88	-86.107
62.9	-86.101
62.92	-86.11
62.94	-86.108
62.96	-86.105
62.98	-86.109
63	-86.103
63.02	-86.107
63.04	-86.107
63.06	-86.119
63.08	-86.105
63.1	-86.117
63.12	-86.132
63.14	-86.121
63.16	-86.107
63.18	-86.112
63.2	-86.11
63.22	-86.109
63.24	-86.101
63.26	-86.093
63.28	-86.103
63.3	-86.125
63.32	-86.121
63.34	-86.102
63.36	-86.091
63.38	-86.095
63.4	-86.108
63.42	-86.098
63.44	-86.095
63.46	-86.106
63.48	-86.11
63.5	-86.118
63.52	-86.113
63.54	-86.098
63.56	-86.107
63.58	-86.107
63.6	-86.097
63.62	-86.115
63.64	-86.105
63.66	-86.107
63.68	-86.106
63.7	-86.106
63.72	-86.104
63.74	-86.109
63.76	-86.105
63.78	-86.103
63.8	-86.09
63.82	-86.089
63.84	-86.108
63.86	-86.102
63.88	-86.088
63.9	-86.089
63.92	-86.106
63.94	-86.104
63.96	-86.112
63.98	-86.11
64	-86.104
64.02	-86.109
64.04	-86.095
64.06	-86.102
64.08	-86.112
64.1	-86.104
64.12	-86.105
64.14	-86.099
64.16	-86.096
64.18	-86.105
64.2	-86.111
64.22	-86.11
64.24	-86.107
64.26	-86.099
64.28	-86.1
64.3	-86.107
64.32	-86.098
64.34	-86.094
64.36	-86.096
64.38	-86.105
64.4	-86.096
64.42	-86.094
64.44	-86.107
64.46	-86.108
64.48	-86.092
64.5	-86.107
64.52	-86.105
64.54	-86.088
64.56	-86.096
64.58	-86.093
64.6	-86.094
64.62	-86.098
64.64	-86.101
64.66	-86.099
64.68	-86.105
64.7	-86.096
64.72	-86.096
64.74	-86.105
64.76	-86.094
64.78	-86.096
64.8	-86.103
64.82	-86.11
64.84	-86.102
64.86	-86.09
64.88	-86.104
64.9	-86.109
64.92	-86.111
64.94	-86.11
64.96	-86.082
64.98	-86.088
65	-86.095
65.02	-86.103
65.04	-86.099
65.06	-86.093
65.08	-86.094
65.1	-86.112
65.12	-86.096
65.14	-86.09
65.16	-86.085
65.18	-86.087
65.2	-86.085
65.22	-86.077
65.24	-86.101
65.26	-86.102
65.28	-86.107
65.3	-86.11
65.32	-86.092
65.34	-86.094
65.36	-86.097
65.38	-86.102
65.4	-86.08
65.42	-86.085
65.44	-86.083
65.46	-86.091
65.48	-86.079
65.5	-86.068
65.52	-86.076
65.54	-86.091
65.56	-86.094
65.58	-86.099
65.6	-86.091
65.62	-86.087
65.64	-86.096
65.66	-86.099
65.68	-86.091
65.7	-86.087
65.72	-86.095
65.74	-86.082
65.76	-86.077
65.78	-86.083
65.8	-86.079
65.82	-86.082
65.84	-86.083
65.86	-86.089
65.88	-86.091
65.9	-86.082
65.92	-86.079
65.94	-86.091
65.96	-86.088
65.98	-86.094
66	-86.099
66.02	-86.091
66.04	-86.089
66.06	-86.086
66.08	-86.089
66.1	-86.082
66.12	-86.079
66.14	-86.079
66.16	-86.091
66.18	-86.089
66.2	-86.092
66.22	-86.091
66.24	-86.094
66.26	-86.098
66.28	-86.09
66.3	-86.087
66.32	-86.079
66.34	-86.075
66.36	-86.081
66.38	-86.096
66.4	-86.091
66.42	-86.094
66.44	-86.111
66.46	-86.091
66.48	-86.079
66.5	-86.091
66.52	-86.096
66.54	-86.094
66.56	-86.087
66.58	-86.086
66.6	-86.092
66.62	-86.096
66.64	-86.081
66.66	-86.082
66.68	-86.085
66.7	-86.094
66.72	-86.092
66.74	-86.078
66.76	-86.082
66.78	-86.094
66.8	-86.09
66.82	-86.083
66.84	-86.087
66.86	-86.088
66.88	-86.09
66.9	-86.082
66.92	-86.076
66.94	-86.078
66.96	-86.082
66.98	-86.096
67	-86.081
67.02	-86.076
67.04	-86.097
67.06	-86.085
67.08	-86.076
67.1	-86.077
67.12	-86.083
67.14	-86.084
67.16	-86.08
67.18	-86.071
67.2	-86.087
67.22	-86.108
67.24	-86.077
67.26	-86.073
67.28	-86.075
67.3	-86.092
67.32	-86.086
67.34	-86.074
67.36	-86.085
67.38	-86.087
67.4	-86.09
67.42	-86.083
67.44	-86.078
67.46	-86.068
67.48	-86.072
67.5	-86.087
67.52	-86.09
67.54	-86.084
67.56	-86.079
67.58	-86.08
67.6	-86.076
67.62	-86.076
67.64	-86.081
67.66	-86.077
67.68	-86.079
67.7	-86.071
67.72	-86.076
67.74	-86.091
67.76	-86.094
67.78	-86.094
67.8	-86.077
67.82	-86.071
67.84	-86.07
67.86	-86.079
67.88	-86.077
67.9	-86.068
67.92	-86.065
67.94	-86.068
67.96	-86.08
67.98	-86.084
68	-86.082
68.02	-86.079
68.04	-86.071
68.06	-86.079
68.08	-86.085
68.1	-86.065
68.12	-86.067
68.14	-86.078
68.16	-86.084
68.18	-86.076
68.2	-86.068
68.22	-86.063
68.24	-86.06
68.26	-86.074
68.28	-86.091
68.3	-86.091
68.32	-86.088
68.34	-86.089
68.36	-86.079
68.38	-86.087
68.4	-86.073
68.42	-86.072
68.44	-86.082
68.46	-86.077
68.48	-86.082
68.5	-86.084
68.52	-86.074
68.54	-86.071
68.56	-86.077
68.58	-86.08
68.6	-86.082
68.62	-86.071
68.64	-86.072
68.66	-86.077
68.68	-86.087
68.7	-86.08
68.72	-86.08
68.74	-86.075
68.76	-86.072
68.78	-86.07
68.8	-86.078
68.82	-86.083
68.84	-86.079
68.86	-86.083
68.88	-86.074
68.9	-86.076
68.92	-86.066
68.94	-86.053
68.96	-86.066
68.98	-86.072
69	-86.071
69.02	-86.066
69.04	-86.063
69.06	-86.065
69.08	-86.072
69.1	-86.072
69.12	-86.057
69.14	-86.064
69.16	-86.062
69.18	-86.054
69.2	-86.071
69.22	-86.066
69.24	-86.045
69.26	-86.056
69.28	-86.061
69.3	-86.063
69.32	-86.071
69.34	-86.068
69.36	-86.07
69.38	-86.065
69.4	-86.055
69.42	-86.058
69.44	-86.055
69.46	-86.065
69.48	-86.066
69.5	-86.057
69.52	-86.051
69.54	-86.049
69.56	-86.055
69.58	-86.065
69.6	-86.056
69.62	-86.035
69.64	-86.066
69.66	-86.077
69.68	-86.064
69.7	-86.063
69.72	-86.069
69.74	-86.067
69.76	-86.062
69.78	-86.052
69.8	-86.055
69.82	-86.058
69.84	-86.066
69.86	-86.07
69.88	-86.074
69.9	-86.081
69.92	-86.062
69.94	-86.048
69.96	-86.066
69.98	-86.064
70	-86.054
70.02	-86.057
70.04	-86.057
70.06	-86.057
70.08	-86.064
70.1	-86.058
70.12	-86.054
70.14	-86.062
70.16	-86.068
70.18	-86.062
70.2	-86.064
70.22	-86.062
70.24	-86.043
70.26	-86.05
70.28	-86.063
70.3	-86.057
70.32	-86.066
70.34	-86.055
70.36	-86.052
70.38	-86.064
70.4	-86.065
70.42	-86.057
70.44	-86.072
70.46	-86.07
70.48	-86.056
70.5	-86.05
70.52	-86.06
70.54	-86.055
70.56	-86.066
70.58	-86.068
70.6	-86.061
70.62	-86.041
70.64	-86.043
70.66	-86.054
70.68	-86.049
70.7	-86.049
70.72	-86.041
70.74	-86.047
70.76	-86.056
70.78	-86.025
70.8	-86.046
70.82	-86.054
70.84	-86.054
70.86	-86.058
70.88	-86.047
70.9	-86.043
70.92	-86.059
70.94	-86.06
70.96	-86.06
70.98	-86.054
71	-86.05
71.02	-86.054
71.04	-86.05
71.06	-86.063
71.08	-86.056
71.1	-86.052
71.12	-86.043
71.14	-86.05
71.16	-86.043
71.18	-86.049
71.2	-86.044
71.22	-86.043
71.24	-86.046
71.26	-86.047
71.28	-86.041
71.3	-86.041
71.32	-86.045
71.34	-86.052
71.36	-86.049
71.38	-86.046
71.4	-86.055
71.42	-86.053
71.44	-86.063
71.46	-86.066
71.48	-86.049
71.5	-86.042
71.52	-86.057
71.54	-86.046
71.56	-86.046
71.58	-86.055
71.6	-86.048
71.62	-86.036
71.64	-86.06
71.66	-86.06
71.68	-86.038
71.7	-86.033
71.72	-86.047
71.74	-86.054
71.76	-86.058
71.78	-86.05
71.8	-86.047
71.82	-86.054
71.84	-86.058
71.86	-86.055
71.88	-86.055
71.9	-86.062
71.92	-86.058
71.94	-86.044
71.96	-86.033
71.98	-86.049
72	-86.046
72.02	-86.044
72.04	-86.062
72.06	-86.055
72.08	-86.049
72.1	-86.036
72.12	-86.041
72.14	-86.045
72.16	-86.051
72.18	-86.055
72.2	-86.052
72.22	-86.046
72.24	-86.037
72.26	-86.052
72.28	-86.051
72.3	-86.058
72.32	-86.047
72.34	-86.034
72.36	-86.038
72.38	-86.04
72.4	-86.047
72.42	-86.054
72.44	-86.061
72.46	-86.045
72.48	-86.054
72.5	-86.047
72.52	-86.045
72.54	-86.043
72.56	-86.042
72.58	-86.046
72.6	-86.047
72.62	-86.035
72.64	-86.047
72.66	-86.057
72.68	-86.057
72.7	-86.051
72.72	-86.038
72.74	-86.055
72.76	-86.065
72.78	-86.071
72.8	-86.066
72.82	-86.061
72.84	-86.048
72.86	-86.06
72.88	-86.065
72.9	-86.066
72.92	-86.053
72.94	-86.054
72.96	-86.041
72.98	-86.044
73	-86.06
73.02	-86.054
73.04	-86.05
73.06	-86.043
73.08	-86.043
73.1	-86.046
73.12	-86.052
73.14	-86.046
73.16	-86.054
73.18	-86.055
73.2	-86.056
73.22	-86.057
73.24	-86.051
73.26	-86.054
73.28	-86.043
73.3	-86.043
73.32	-86.035
73.34	-86.038
73.36	-86.051
73.38	-86.057
73.4	-86.056
73.42	-86.058
73.44	-86.063
73.46	-86.055
73.48	-86.054
73.5	-86.038
73.52	-86.037
73.54	-86.051
73.56	-86.044
73.58	-86.033
73.6	-86.036
73.62	-86.058
73.64	-86.054
73.66	-86.049
73.68	-86.041
73.7	-86.048
73.72	-86.055
73.74	-86.044
73.76	-86.037
73.78	-86.047
73.8	-86.051
73.82	-86.042
73.84	-86.052
73.86	-86.057
73.88	-86.047
73.9	-86.037
73.92	-86.042
73.94	-86.054
73.96	-86.062
73.98	-86.051
74	-86.036
74.02	-86.045
74.04	-86.047
74.06	-86.049
74.08	-86.051
74.1	-86.047
74.12	-86.044
74.14	-86.057
74.16	-86.052
74.18	-86.051
74.2	-86.054
74.22	-86.055
74.24	-86.056
74.26	-86.041
74.28	-86.033
74.3	-86.044
74.32	-86.043
74.34	-86.048
74.36	-86.055
74.38	-86.049
74.4	-86.048
74.42	-86.051
74.44	-86.062
74.46	-86.043
74.48	-86.043
74.5	-86.052
74.52	-86.049
74.54	-86.042
74.56	-86.038
74.58	-86.046
74.6	-86.049
74.62	-86.057
74.64	-86.067
74.66	-86.061
74.68	-86.049
74.7	-86.04
74.72	-86.046
74.74	-86.065
74.76	-86.059
74.78	-86.055
74.8	-86.047
74.82	-86.025
74.84	-86.041
74.86	-86.049
74.88	-86.04
74.9	-86.052
74.92	-86.053
74.94	-86.035
74.96	-86.04
74.98	-86.036
75	-86.034
75.02	-86.052
75.04	-86.061
75.06	-86.053
75.08	-86.049
75.1	-86.053
75.12	-86.05
75.14	-86.049
75.16	-86.051
75.18	-86.053
75.2	-86.04
75.22	-86.043
75.24	-86.067
75.26	-86.068
75.28	-86.058
75.3	-86.049
75.32	-86.044
75.34	-86.041
75.36	-86.043
75.38	-86.051
75.4	-86.045
75.42	-86.047
75.44	-86.046
75.46	-86.05
75.48	-86.057
75.5	-86.049
75.52	-86.051
75.54	-86.047
75.56	-86.046
75.58	-86.052
75.6	-86.057
75.62	-86.058
75.64	-86.058
75.66	-86.046
75.68	-86.041
75.7	-86.052
75.72	-86.065
75.74	-86.046
75.76	-86.047
75.78	-86.055
75.8	-86.047
75.82	-86.053
75.84	-86.066
75.86	-86.063
75.88	-86.038
75.9	-86.033
75.92	-86.046
75.94	-86.051
75.96	-86.047
75.98	-86.048
76	-86.058
76.02	-86.057
76.04	-86.046
76.06	-86.041
76.08	-86.036
76.1	-86.044
76.12	-86.044
76.14	-86.049
76.16	-86.044
76.18	-86.036
76.2	-86.04
76.22	-86.036
76.24	-86.044
76.26	-86.042
76.28	-86.049
76.3	-86.038
76.32	-86.043
76.34	-86.057
76.36	-86.051
76.38	-86.051
76.4	-86.046
76.42	-86.038
76.44	-86.041
76.46	-86.039
76.48	-86.042
76.5	-86.053
76.52	-86.061
76.54	-86.048
76.56	-86.044
76.58	-86.049
76.6	-86.05
76.62	-86.036
76.64	-86.039
76.66	-86.051
76.68	-86.054
76.7	-86.047
76.72	-86.055
76.74	-86.056
76.76	-86.053
76.78	-86.044
76.8	-86.03
76.82	-86.042
76.84	-86.06
76.86	-86.058
76.88	-86.054
76.9	-86.046
76.92	-86.035
76.94	-86.052
76.96	-86.057
76.98	-86.052
77	-86.041
77.02	-86.037
77.04	-86.052
77.06	-86.039
77.08	-86.04
77.1	-86.039
77.12	-86.044
77.14	-86.044
77.16	-86.031
77.18	-86.032
77.2	-86.033
77.22	-86.044
77.24	-86.046
77.26	-86.041
77.28	-86.039
77.3	-86.04
77.32	-86.043
77.34	-86.053
77.36	-86.053
77.38	-86.046
77.4	-86.039
77.42	-86.043
77.44	-86.049
77.46	-86.043
77.48	-86.04
77.5	-86.037
77.52	-86.038
77.54	-86.054
77.56	-86.043
77.58	-86.025
77.6	-86.017
77.62	-86.036
77.64	-86.041
77.66	-86.044
77.68	-86.057
77.7	-86.065
77.72	-86.05
77.74	-86.044
77.76	-86.043
77.78	-86.055
77.8	-86.043
77.82	-86.043
77.84	-86.062
77.86	-86.051
77.88	-86.046
77.9	-86.044
77.92	-86.046
77.94	-86.048
77.96	-86.04
77.98	-86.044
78	-86.054
78.02	-86.053
78.04	-86.039
78.06	-86.04
78.08	-86.036
78.1	-86.035
78.12	-86.038
78.14	-86.035
78.16	-86.037
78.18	-86.057
78.2	-86.069
78.22	-86.048
78.24	-86.044
78.26	-86.035
78.28	-86.049
78.3	-86.06
78.32	-86.043
78.34	-86.042
78.36	-86.036
78.38	-86.035
78.4	-86.059
78.42	-86.059
78.44	-86.055
78.46	-86.049
78.48	-86.041
78.5	-86.039
78.52	-86.038
78.54	-86.057
78.56	-86.06
78.58	-86.052
78.6	-86.044
78.62	-86.029
78.64	-86.049
78.66	-86.049
78.68	-86.042
78.7	-86.047
78.72	-86.039
78.74	-86.038
78.76	-86.043
78.78	-86.054
78.8	-86.043
78.82	-86.047
78.84	-86.052
78.86	-86.034
78.88	-86.047
78.9	-86.052
78.92	-86.056
78.94	-86.049
78.96	-86.066
78.98	-86.074
79	-86.059
79.02	-86.04
79.04	-86.051
79.06	-86.044
79.08	-86.037
79.1	-86.049
79.12	-86.046
79.14	-86.041
79.16	-86.055
79.18	-86.054
79.2	-86.055
79.22	-86.049
79.24	-86.052
79.26	-86.046
79.28	-86.052
79.3	-86.037
79.32	-86.038
79.34	-86.032
79.36	-86.034
79.38	-86.033
79.4	-86.031
79.42	-86.062
79.44	-86.051
79.46	-86.041
79.48	-86.055
79.5	-86.042
79.52	-86.046
79.54	-86.044
79.56	-86.063
79.58	-86.055
79.6	-86.053
79.62	-86.049
79.64	-86.035
79.66	-86.044
79.68	-86.05
79.7	-86.029
79.72	-86.027
79.74	-86.027
79.76	-86.041
79.78	-86.039
79.8	-86.041
79.82	-86.042
79.84	-86.046
79.86	-86.051
79.88	-86.041
79.9	-86.049
79.92	-86.043
79.94	-86.042
79.96	-86.049
79.98	-86.044
80	-86.038
80.02	-86.045
80.04	-86.038
80.06	-86.038
80.08	-86.03
80.1	-86.022
80.12	-86.025
80.14	-86.021
80.16	-86.035
80.18	-86.047
80.2	-86.041
80.22	-86.045
80.24	-86.041
80.26	-86.035
80.28	-86.045
80.3	-86.06
80.32	-86.047
80.34	-86.031
80.36	-86.032
80.38	-86.039
80.4	-86.037
80.42	-86.029
80.44	-86.043
80.46	-86.031
80.48	-86.04
80.5	-86.046
80.52	-86.048
80.54	-86.057
80.56	-86.051
80.58	-86.035
80.6	-86.043
80.62	-86.042
80.64	-86.04
80.66	-86.044
80.68	-86.04
80.7	-86.036
80.72	-86.044
80.74	-86.029
80.76	-86.03
80.78	-86.03
80.8	-86.036
80.82	-86.036
80.84	-86.051
80.86	-86.044
80.88	-86.03
80.9	-86.032
80.92	-86.036
80.94	-86.055
80.96	-86.052
80.98	-86.033
81	-86.044
81.02	-86.032
81.04	-86.027
81.06	-86.027
81.08	-86.034
81.1	-86.024
81.12	-86.03
81.14	-86.041
81.16	-86.047
81.18	-86.034
81.2	-86.041
81.22	-86.046
81.24	-86.016
81.26	-86.021
81.28	-86.036
81.3	-86.03
81.32	-86.029
81.34	-86.049
81.36	-86.044
81.38	-86.019
81.4	-86.025
81.42	-86.03
81.44	-86.03
81.46	-86.03
81.48	-86.032
81.5	-86.038
81.52	-86.055
81.54	-86.051
81.56	-86.042
81.58	-86.051
81.6	-86.047
81.62	-86.035
81.64	-86.03
81.66	-86.029
81.68	-86.041
81.7	-86.044
81.72	-86.047
81.74	-86.03
81.76	-86.032
81.78	-86.047
81.8	-86.042
81.82	-86.028
81.84	-86.026
81.86	-86.028
81.88	-86.031
81.9	-86.049
81.92	-86.052
81.94	-86.027
81.96	-86.027
81.98	-86.049
82	-86.044
82.02	-86.038
82.04	-86.044
82.06	-86.06
82.08	-86.035
82.1	-86.035
82.12	-86.051
82.14	-86.044
82.16	-86.049
82.18	-86.054
82.2	-86.051
82.22	-86.044
82.24	-86.031
82.26	-86.027
82.28	-86.036
82.3	-86.045
82.32	-86.038
82.34	-86.041
82.36	-86.038
82.38	-86.038
82.4	-86.043
82.42	-86.052
82.44	-86.058
82.46	-86.048
82.48	-86.057
82.5	-86.035
82.52	-86.029
82.54	-86.033
82.56	-86.032
82.58	-86.022
82.6	-86.03
82.62	-86.055
82.64	-86.052
82.66	-86.038
82.68	-86.035
82.7	-86.046
82.72	-86.047
82.74	-86.044
82.76	-86.042
82.78	-86.035
82.8	-86.042
82.82	-86.033
82.84	-86.038
82.86	-86.035
82.88	-86.032
82.9	-86.034
82.92	-86.051
82.94	-86.05
82.96	-86.049
82.98	-86.062
83	-86.047
83.02	-86.034
83.04	-86.044
83.06	-86.033
83.08	-86.032
83.1	-86.038
83.12	-86.038
83.14	-86.038
83.16	-86.033
83.18	-86.03
83.2	-86.032
83.22	-86.04
83.24	-86.04
83.26	-86.03
83.28	-86.036
83.3	-86.025
83.32	-86.025
83.34	-86.034
83.36	-86.035
83.38	-86.039
83.4	-86.035
83.42	-86.029
83.44	-86.03
83.46	-86.037
83.48	-86.042
83.5	-86.04
83.52	-86.022
83.54	-86.024
83.56	-86.038
83.58	-86.033
83.6	-86.048
83.62	-86.046
83.64	-86.036
83.66	-86.04
83.68	-86.049
83.7	-86.051
83.72	-86.043
83.74	-86.043
83.76	-86.036
83.78	-86.034
83.8	-86.025
83.82	-86.041
83.84	-86.047
83.86	-86.035
83.88	-86.03
83.9	-86.032
83.92	-86.035
83.94	-86.023
83.96	-86.033
83.98	-86.045
84	-86.044
84.02	-86.024
84.04	-86.032
84.06	-86.035
84.08	-86.016
84.1	-86.024
84.12	-86.023
84.14	-86.035
84.16	-86.036
84.18	-86.036
84.2	-86.042
84.22	-86.042
84.24	-86.032
84.26	-86.044
84.28	-86.051
84.3	-86.047
84.32	-86.024
84.34	-86.029
84.36	-86.041
84.38	-86.036
84.4	-86.04
84.42	-86.03
84.44	-86.03
84.46	-86.019
84.48	-86.021
84.5	-86.032
84.52	-86.038
84.54	-86.04
84.56	-86.043
84.58	-86.038
84.6	-86.051
84.62	-86.05
84.64	-86.033
84.66	-86.021
84.68	-86.023
84.7	-86.032
84.72	-86.043
84.74	-86.04
84.76	-86.038
84.78	-86.037
84.8	-86.043
84.82	-86.038
84.84	-86.05
84.86	-86.046
84.88	-86.05
84.9	-86.049
84.92	-86.029
84.94	-86.041
84.96	-86.051
84.98	-86.054
85	-86.032
85.02	-86.033
85.04	-86.044
85.06	-86.055
85.08	-86.057
85.1	-86.032
85.12	-86.033
85.14	-86.04
85.16	-86.033
85.18	-86.025
85.2	-86.02
85.22	-86.025
85.24	-86.03
85.26	-86.023
85.28	-86.022
85.3	-86.022
85.32	-86.023
85.34	-86.029
85.36	-86.036
85.38	-86.046
85.4	-86.032
85.42	-86.029
85.44	-86.014
85.46	-86.001
85.48	-85.997
85.5	-86.012
85.52	-86.036
85.54	-86.053
85.56	-86.052
85.58	-86.03
85.6	-86.011
85.62	-86.014
85.64	-86.022
85.66	-86.039
85.68	-86.032
85.7	-86.014
85.72	-86.03
85.74	-86.031
85.76	-86.035
85.78	-86.036
85.8	-86.033
85.82	-86.019
85.84	-86.035
85.86	-86.034
85.88	-86.013
85.9	-86.012
85.92	-86.038
85.94	-86.012
85.96	-86.006
85.98	-86.018
86	-86.029
86.02	-86.029
86.04	-86.041
86.06	-86.022
86.08	-86.027
86.1	-86.042
86.12	-86.034
86.14	-86.032
86.16	-86.014
86.18	-86.013
86.2	-86.024
86.22	-86.025
86.24	-86.027
86.26	-86.028
86.28	-86.024
86.3	-86.016
86.32	-86.025
86.34	-86.036
86.36	-86.019
86.38	-86.014
86.4	-86.027
86.42	-86.032
86.44	-86.028
86.46	-86.027
86.48	-86.036
86.5	-86.026
86.52	-86.022
86.54	-86.015
86.56	-86.018
86.58	-86.02
86.6	-86.005
86.62	-86.013
86.64	-86.019
86.66	-86.032
86.68	-86.029
86.7	-86.032
86.72	-86.018
86.74	-86.012
86.76	-86.014
86.78	-86.016
86.8	-86.022
86.82	-86.029
86.84	-86.023
86.86	-86.015
86.88	-86.024
86.9	-86.03
86.92	-86.028
86.94	-86.027
86.96	-86.01
86.98	-86.016
87	-86.014
87.02	-86.011
87.04	-86.018
87.06	-86.032
87.08	-86.024
87.1	-86.017
87.12	-86.033
87.14	-86.027
87.16	-86.013
87.18	-86.013
87.2	-86.018
87.22	-86.032
87.24	-86.016
87.26	-86.007
87.28	-86.011
87.3	-86.013
87.32	-86.029
87.34	-86.025
87.36	-86.018
87.38	-86.024
87.4	-86.03
87.42	-86.019
87.44	-86.018
87.46	-86.016
87.48	-86.023
87.5	-86.022
87.52	-86.019
87.54	-86.017
87.56	-86.027
87.58	-86.021
87.6	-86.018
87.62	-86.019
87.64	-86.011
87.66	-86.01
87.68	-86.021
87.7	-86.029
87.72	-86.015
87.74	-86.011
87.76	-86.021
87.78	-86.038
87.8	-86.022
87.82	-86.007
87.84	-86.008
87.86	-86.013
87.88	-86.023
87.9	-86.024
87.92	-86.032
87.94	-86.042
87.96	-86.013
87.98	-86.005
88	-86.011
88.02	-86.005
88.04	-85.999
88.06	-86.016
88.08	-86.022
88.1	-86.019
88.12	-86.006
88.14	-86.009
88.16	-86.003
88.18	-86.011
88.2	-86.018
88.22	-86.025
88.24	-86.027
88.26	-86.021
88.28	-86.021
88.3	-86.022
88.32	-86.02
88.34	-86.016
88.36	-86.024
88.38	-86.032
88.4	-86.037
88.42	-86.02
88.44	-86.019
88.46	-86.022
88.48	-86.021
88.5	-86.036
88.52	-86.036
88.54	-86.019
88.56	-86.021
88.58	-86.019
88.6	-86.019
88.62	-86.016
88.64	-86.025
88.66	-86.024
88.68	-86.021
88.7	-86.023
88.72	-86.017
88.74	-86.018
88.76	-86.022
88.78	-86.029
88.8	-86.013
88.82	-86.004
88.84	-86.005
88.86	-86.012
88.88	-86.022
88.9	-86.008
88.92	-86.01
88.94	-86.024
88.96	-86.029
88.98	-86.013
89	-86.003
89.02	-86.01
89.04	-86.016
89.06	-86.018
89.08	-86.018
89.1	-86.018
89.12	-86.029
89.14	-86.021
89.16	-86.015
89.18	-86.013
89.2	-86.008
89.22	-86.012
89.24	-86.026
89.26	-86.023
89.28	-86.015
89.3	-86.013
89.32	-86.006
89.34	-86.007
89.36	-86.027
89.38	-86.027
89.4	-86.022
89.42	-86.005
89.44	-86.011
89.46	-86.021
89.48	-86.025
89.5	-86.019
89.52	-86.019
89.54	-86.027
89.56	-86.022
89.58	-86.008
89.6	-86.02
89.62	-86.03
89.64	-86.029
89.66	-86.023
89.68	-86.02
89.7	-86.029
89.72	-86.018
89.74	-86.019
89.76	-86.024
89.78	-86.024
89.8	-86.017
89.82	-86.016
89.84	-86.017
89.86	-86.015
89.88	-86.008
89.9	-86.015
89.92	-86.021
89.94	-86.028
89.96	-86.03
89.98	-86.019
90	-86.018
90.02	-86.01
90.04	-86.021
90.06	-86.035
90.08	-86.017
90.1	-86.027
90.12	-86.03
90.14	-86.012
90.16	-86.018
90.18	-86.031
90.2	-86.015
90.22	-86.015
90.24	-86.032
90.26	-86.034
90.28	-86.016
90.3	-86.009
90.32	-86.007
90.34	-85.997
90.36	-86.009
90.38	-86.023
90.4	-86.015
90.42	-86.013
90.44	-86.018
90.46	-86.02
90.48	-86.022
90.5	-86.029
90.52	-86.021
90.54	-86.02
90.56	-86.028
90.58	-86.007
90.6	-86.015
90.62	-86.018
90.64	-86.028
90.66	-86.03
90.68	-86.036
90.7	-86.03
90.72	-86.032
90.74	-86.029
90.76	-86.019
90.78	-86.01
90.8	-86.027
90.82	-86.027
90.84	-86.019
90.86	-86.007
90.88	-86.018
90.9	-86.03
90.92	-86.017
90.94	-86.026
90.96	-86.029
90.98	-86.015
91	-86.002
91.02	-86.011
91.04	-86.024
91.06	-86.024
91.08	-86.021
91.1	-86.014
91.12	-86.015
91.14	-86.015
91.16	-86.015
91.18	-86.008
91.2	-85.991
91.22	-86.002
91.24	-86.022
91.26	-86.009
91.28	-86.015
91.3	-86.021
91.32	-86.03
91.34	-86.03
91.36	-86.018
91.38	-86.021
91.4	-86.022
91.42	-86.018
91.44	-86.021
91.46	-86.013
91.48	-86.016
91.5	-86.023
91.52	-86.024
91.54	-86.017
91.56	-86.017
91.58	-86.027
91.6	-86.013
91.62	-86.014
91.64	-86.005
91.66	-86.014
91.68	-86.026
91.7	-86.025
91.72	-86.015
91.74	-86.005
91.76	-86.012
91.78	-86.016
91.8	-86.008
91.82	-86.011
91.84	-86.011
91.86	-86.025
91.88	-86.025
91.9	-86
91.92	-86.004
91.94	-86.025
91.96	-86.017
91.98	-86.01
92	-86.011
92.02	-86.024
92.04	-86.015
92.06	-86.021
92.08	-86.031
92.1	-86.03
92.12	-86.024
92.14	-86.01
92.16	-86.019
92.18	-86.015
92.2	-86.021
92.22	-86.018
92.24	-86.02
92.26	-86.029
92.28	-86.022
92.3	-86.014
92.32	-86.019
92.34	-86.016
92.36	-86.014
92.38	-86.008
92.4	-86.012
92.42	-86.014
92.44	-86.015
92.46	-86.008
92.48	-86.007
92.5	-86.003
92.52	-86.024
92.54	-86.026
92.56	-86.023
92.58	-86.016
92.6	-86.012
92.62	-86.02
92.64	-86.017
92.66	-86.038
92.68	-86.035
92.7	-86.021
92.72	-86.013
92.74	-86.006
92.76	-86.015
92.78	-86.029
92.8	-86.024
92.82	-86.025
92.84	-86.022
92.86	-86.017
92.88	-86.023
92.9	-86.011
92.92	-86.012
92.94	-86.019
92.96	-86.017
92.98	-86.009
93	-86.019
93.02	-86.024
93.04	-86.011
93.06	-86.018
93.08	-86.027
93.1	-86.015
93.12	-86.007
93.14	-86.019
93.16	-86.017
93.18	-86.014
93.2	-86.018
93.22	-86.022
93.24	-86.014
93.26	-86.019
93.28	-86.021
93.3	-86.022
93.32	-86.007
93.34	-86.009
93.36	-86.025
93.38	-86.02
93.4	-86.023
93.42	-86.015
93.44	-86.014
93.46	-86.021
93.48	-86.025
93.5	-86.029
93.52	-86.016
93.54	-86.014
93.56	-86.008
93.58	-86.015
93.6	-86.024
93.62	-86.021
93.64	-86.027
93.66	-86.024
93.68	-86.021
93.7	-86.018
93.72	-86.016
93.74	-86.008
93.76	-86.015
93.78	-86.04
93.8	-86.015
93.82	-86.011
93.84	-86.032
93.86	-86.039
93.88	-86.017
93.9	-86.004
93.92	-86.013
93.94	-86.01
93.96	-86.007
93.98	-86.012
94	-86.012
94.02	-86.013
94.04	-86.024
94.06	-86.001
94.08	-86
94.1	-86.01
94.12	-86.01
94.14	-86.011
94.16	-86.016
94.18	-86.018
94.2	-86.007
94.22	-86.013
94.24	-86.022
94.26	-86.02
94.28	-86.016
94.3	-86.007
94.32	-86.008
94.34	-86.013
94.36	-86.016
94.38	-86.012
94.4	-86.018
94.42	-86.015
94.44	-86.011
94.46	-86.008
94.48	-86.016
94.5	-86.022
94.52	-86.018
94.54	-86.005
94.56	-86.007
94.58	-86.004
94.6	-85.994
94.62	-86.018
94.64	-86.033
94.66	-86.012
94.68	-86.016
94.7	-86.012
94.72	-86.012
94.74	-86.018
94.76	-86.001
94.78	-86.006
94.8	-86.025
94.82	-86.015
94.84	-86.017
94.86	-86.024
94.88	-86.016
94.9	-86.015
94.92	-86.017
94.94	-86.019
94.96	-86.016
94.98	-86.013
95	-86.023
95.02	-86.01
95.04	-86.024
95.06	-86.027
95.08	-86.01
95.1	-86.011
95.12	-86.019
95.14	-86.035
95.16	-86.041
95.18	-86.027
95.2	-86.016
95.22	-86.01
95.24	-86.019
95.26	-86.005
95.28	-86.004
95.3	-86.007
95.32	-86.007
95.34	-86.01
95.36	-86.011
95.38	-86.008
95.4	-86.01
95.42	-86.01
95.44	-85.99
95.46	-86.007
95.48	-86.016
95.5	-86.005
95.52	-86.008
95.54	-86.011
95.56	-86.003
95.58	-86.016
95.6	-86.016
95.62	-85.999
95.64	-86.01
95.66	-86.03
95.68	-86.015
95.7	-86.006
95.72	-86.011
95.74	-86.016
95.76	-86.024
95.78	-86.013
95.8	-86.002
95.82	-86.016
95.84	-86.004
95.86	-86.005
95.88	-86.02
95.9	-86.026
95.92	-86.028
95.94	-86.021
95.96	-86
95.98	-86
96	-85.996
96.02	-86.002
96.04	-86.021
96.06	-86.005
96.08	-86.007
96.1	-86.016
96.12	-86.016
96.14	-86.014
96.16	-86.002
96.18	-86.002
96.2	-86.006
96.22	-86.013
96.24	-86.009
96.26	-86.003
96.28	-85.996
96.3	-86.007
96.32	-86.01
96.34	-86.011
96.36	-86.012
96.38	-86.009
96.4	-86.018
96.42	-86
96.44	-86.016
96.46	-86.014
96.48	-86.013
96.5	-86.021
96.52	-86.034
96.54	-86.011
96.56	-86.004
96.58	-86.008
96.6	-86.023
96.62	-86.018
96.64	-86.013
96.66	-86.016
96.68	-86.019
96.7	-86.007
96.72	-86.013
96.74	-86.021
96.76	-86.019
96.78	-86.013
96.8	-86.015
96.82	-86.019
96.84	-86.021
96.86	-86.013
96.88	-86.012
96.9	-86.008
96.92	-86.021
96.94	-86.016
96.96	-86.016
96.98	-86.02
97	-86.013
97.02	-86.01
97.04	-86.014
97.06	-86.032
97.08	-86.024
97.1	-86.014
97.12	-86.002
97.14	-85.999
97.16	-86.017
97.18	-86.014
97.2	-86.013
97.22	-86.021
97.24	-86.03
97.26	-86.034
97.28	-86.027
97.3	-86.011
97.32	-86.024
97.34	-86.029
97.36	-86.018
97.38	-86.015
97.4	-86.009
97.42	-86.012
97.44	-86.007
97.46	-86.01
97.48	-86.007
97.5	-86.005
97.52	-86.008
97.54	-86.011
97.56	-86.016
97.58	-86.026
97.6	-86.024
97.62	-86.015
97.64	-86.013
97.66	-86.019
97.68	-86.008
97.7	-86.021
97.72	-86.032
97.74	-86.025
97.76	-86.008
97.78	-86.012
97.8	-86.022
97.82	-86.015
97.84	-86.017
97.86	-86.021
97.88	-86.016
97.9	-86.025
97.92	-86.032
97.94	-86.027
97.96	-86.037
97.98	-86.025
98	-86.003
98.02	-86.024
98.04	-86.017
98.06	-86
98.08	-86.027
98.1	-86.019
98.12	-86.006
98.14	-86.008
98.16	-86.014
98.18	-86.013
98.2	-86.018
98.22	-86.009
98.24	-86.014
98.26	-86.018
98.28	-86.011
98.3	-86.011
98.32	-86.008
98.34	-86.011
98.36	-86.012
98.38	-86.009
98.4	-86.006
98.42	-86.013
98.44	-86.019
98.46	-86.022
98.48	-86.013
98.5	-86.005
98.52	-86.007
98.54	-86.028
98.56	-86.016
98.58	-86.016
98.6	-86.021
98.62	-86.016
98.64	-86.005
98.66	-86.007
98.68	-86.004
98.7	-86.002
98.72	-86.013
98.74	-86.031
98.76	-86.012
98.78	-85.998
98.8	-86.01
98.82	-86.01
98.84	-86.021
98.86	-86.021
98.88	-86.022
98.9	-86.014
98.92	-86.011
98.94	-86.014
98.96	-86.011
98.98	-86.004
99	-86.013
99.02	-86.01
99.04	-86.016
99.06	-86.011
99.08	-86.017
99.1	-86.027
99.12	-86.024
99.14	-86.02
99.16	-86.011
99.18	-86.022
99.2	-86.022
99.22	-86.023
99.24	-86.029
99.26	-86.019
99.28	-86.013
99.3	-86.007
99.32	-86.018
99.34	-86.018
99.36	-86.029
99.38	-86.028
99.4	-86.024
99.42	-86.019
99.44	-86.01
99.46	-86.021
99.48	-86.016
99.5	-86.01
99.52	-86.008
99.54	-86.018
99.56	-86.007
99.58	-86.019
99.6	-86.008
99.62	-86.013
99.64	-86.016
99.66	-86.016
99.68	-86
99.7	-86.001
99.72	-86.007
99.74	-86.015
99.76	-86.025
99.78	-86.019
99.8	-86.035
99.82	-86.039
99.84	-86.025
99.86	-86.024
99.88	-86.033
99.9	-86.029
99.92	-86.038
99.94	-86.022
99.96	-86.007
99.98	-86.014
100	-86.024
100.02	-86.013
100.04	-86.018
100.06	-86.016
100.08	-86.016
100.1	-86.022
100.12	-86.016
100.14	-86.033
100.16	-86.025
100.18	-86.03
100.2	-86.034
100.22	-86.027
100.24	-86.012
100.26	-86.01
100.28	-86.018
100.3	-86.019
100.32	-86.021
100.34	-86.012
100.36	-86.013
100.38	-86.012
100.4	-86.007
100.42	-86.012
100.44	-86.027
100.46	-86.029
100.48	-86.019
100.5	-86.028
100.52	-86.022
100.54	-86.001
100.56	-86.005
100.58	-86.014
100.6	-86.016
100.62	-86.018
100.64	-86.018
100.66	-86.015
100.68	-86.019
100.7	-86.017
100.72	-86.021
100.74	-86.017
100.76	-86.015
100.78	-86.015
100.8	-86.016
100.82	-86.015
100.84	-86.008
100.86	-86.025
100.88	-86.019
100.9	-86.018
100.92	-86.015
100.94	-86.011
100.96	-86.03
100.98	-86.022
101	-86.003
101.02	-85.999
101.04	-86.018
101.06	-86.019
101.08	-86.016
101.1	-86.008
101.12	-86.02
101.14	-86.018
101.16	-86.013
101.18	-86.008
101.2	-86.016
101.22	-86.018
101.24	-86.022
101.26	-86.009
101.28	-86.012
101.3	-86.016
101.32	-86.02
101.34	-86.014
101.36	-86.025
101.38	-86.029
101.4	-86.021
101.42	-86.023
101.44	-86.021
101.46	-86.022
101.48	-86.004
101.5	-86.008
101.52	-86.021
101.54	-86.005
101.56	-85.994
101.58	-86.02
101.6	-86.022
101.62	-86.013
101.64	-86.018
101.66	-86.015
101.68	-86.026
101.7	-86.017
101.72	-86.01
101.74	-86.026
101.76	-86.016
101.78	-86.015
101.8	-86.011
101.82	-86.022
101.84	-86.024
101.86	-86.018
101.88	-86.025
101.9	-86.025
101.92	-86.025
101.94	-86.024
101.96	-86.013
101.98	-86.015
102	-86.023
102.02	-86.021
102.04	-86.029
102.06	-86.022
102.08	-86.011
102.1	-86.008
102.12	-86.01
102.14	-86.031
102.16	-86.032
102.18	-86.035
102.2	-86.015
102.22	-86.001
102.24	-86.007
102.26	-86.011
102.28	-86.02
102.3	-86.019
102.32	-86.014
102.34	-85.996
102.36	-86
102.38	-86.006
102.4	-86.026
102.42	-86.013
102.44	-86.015
102.46	-86.029
102.48	-86.019
102.5	-86.014
102.52	-86.015
102.54	-86.023
102.56	-86.018
102.58	-86.008
102.6	-86.014
102.62	-86.018
102.64	-86.016
102.66	-86.016
102.68	-86.015
102.7	-86.021
102.72	-86.023
102.74	-86.019
102.76	-86.027
102.78	-86.013
102.8	-86.001
102.82	-86.023
102.84	-86.021
102.86	-86.031
102.88	-86.024
102.9	-86.01
102.92	-86.021
102.94	-86.03
102.96	-86.027
102.98	-86.018
103	-86.019
103.02	-86.011
103.04	-86.029
103.06	-86.029
103.08	-86.011
103.1	-86.008
103.12	-86.016
103.14	-86.005
103.16	-86.015
103.18	-86.021
103.2	-86.01
103.22	-86.026
103.24	-86.026
103.26	-86.013
103.28	-86.025
103.3	-86.025
103.32	-86.015
103.34	-86.022
103.36	-86.012
103.38	-86.027
103.4	-86.024
103.42	-86.019
103.44	-86.02
103.46	-86.019
103.48	-86.011
103.5	-86.005
103.52	-86.027
103.54	-86.032
103.56	-86.021
103.58	-86.02
103.6	-86.025
103.62	-86.032
103.64	-86.025
103.66	-86.008
103.68	-86.014
103.7	-86.015
103.72	-86.029
103.74	-86.015
103.76	-86.014
103.78	-86.021
103.8	-86.019
103.82	-86.016
103.84	-86.014
103.86	-86.019
103.88	-86.019
103.9	-86.016
103.92	-86.014
103.94	-86.017
103.96	-86.03
103.98	-86.027
104	-86.013
104.02	-86.017
104.04	-86.007
104.06	-86.015
104.08	-86.029
104.1	-86.019
104.12	-86.019
104.14	-86.031
104.16	-86.025
104.18	-86.025
104.2	-86.027
104.22	-86.028
104.24	-86.025
104.26	-86.014
104.28	-86.005
104.3	-86.017
104.32	-86.024
104.34	-86.022
104.36	-86.024
104.38	-86.021
104.4	-86.03
104.42	-86.03
104.44	-86.024
104.46	-86.031
104.48	-86.03
104.5	-86.011
104.52	-86.001
104.54	-86
104.56	-86.016
104.58	-86.014
104.6	-86.015
104.62	-86.032
104.64	-86.024
104.66	-86.02
104.68	-86.019
104.7	-86.016
104.72	-86.011
104.74	-86.014
104.76	-86.028
104.78	-86.008
104.8	-86.023
104.82	-86.023
104.84	-86.018
104.86	-86.018
104.88	-86.013
104.9	-86.019
104.92	-86.023
104.94	-86.027
104.96	-86.017
104.98	-86.018
105	-86.01
105.02	-86.007
105.04	-86.017
105.06	-86.016
105.08	-86.015
105.1	-86.011
105.12	-86.008
105.14	-86.008
105.16	-86.011
105.18	-85.994
105.2	-86.008
105.22	-86.017
105.24	-86.007
105.26	-86.004
105.28	-86.022
105.3	-86.012
105.32	-86.013
105.34	-86.008
105.36	-86.019
105.38	-86.022
105.4	-86.005
105.42	-86.007
105.44	-86.008
105.46	-86.015
105.48	-86.007
105.5	-86.018
105.52	-86.021
105.54	-86.022
105.56	-86.016
105.58	-86.018
105.6	-86.012
105.62	-86.036
105.64	-86.037
105.66	-86.025
105.68	-86.021
105.7	-86.018
105.72	-86.018
105.74	-86.028
105.76	-86.021
105.78	-86.024
105.8	-86.019
105.82	-86.02
105.84	-86.024
105.86	-86.022
105.88	-86.011
105.9	-86.007
105.92	-86.007
105.94	-86.014
105.96	-86.019
105.98	-86.019
106	-86.004
106.02	-86
106.04	-86.01
106.06	-86.018
106.08	-86.019
106.1	-86.02
106.12	-86.01
106.14	-86.01
106.16	-85.996
106.18	-86.018
106.2	-86.015
106.22	-86.018
106.24	-86.018
106.26	-86.024
106.28	-86.011
106.3	-85.998
106.32	-86.018
106.34	-86
106.36	-86.011
106.38	-86.011
106.4	-86.018
106.42	-86.023
106.44	-86.007
106.46	-86.004
106.48	-86.013
106.5	-86.022
106.52	-86.027
106.54	-86.027
106.56	-86.013
106.58	-86.007
106.6	-86.008
106.62	-86.02
106.64	-86.019
106.66	-86.009
106.68	-86.011
106.7	-86.01
106.72	-86.017
106.74	-86.002
106.76	-86.007
106.78	-86.013
106.8	-85.997
106.82	-86.005
106.84	-86.009
106.86	-86.002
106.88	-86.003
106.9	-86
106.92	-86.011
106.94	-86.004
106.96	-86.007
106.98	-86.005
107	-86.013
107.02	-86.008
107.04	-85.988
107.06	-85.996
107.08	-86.009
107.1	-86.012
107.12	-86.028
107.14	-86.01
107.16	-86.008
107.18	-86.005
107.2	-86.011
107.22	-86.007
107.24	-86
107.26	-86.001
107.28	-86.013
107.3	-86.011
107.32	-85.996
107.34	-86
107.36	-85.991
107.38	-86.009
107.4	-86.019
107.42	-86.003
107.44	-86.004
107.46	-86.019
107.48	-86.004
107.5	-86.001
107.52	-86.004
107.54	-86.01
107.56	-86.007
107.58	-85.999
107.6	-85.998
107.62	-86.011
107.64	-86.004
107.66	-86.003
107.68	-86.012
107.7	-86.018
107.72	-86.01
107.74	-86.001
107.76	-86.016
107.78	-86.013
107.8	-86.006
107.82	-86.001
107.84	-85.993
107.86	-85.994
107.88	-85.998
107.9	-85.993
107.92	-86.003
107.94	-86.007
107.96	-86.005
107.98	-86.002
108	-85.989
108.02	-85.983
108.04	-86
108.06	-86.007
108.08	-86.027
108.1	-86.015
108.12	-85.998
108.14	-86.002
108.16	-86.017
108.18	-86.015
108.2	-86.01
108.22	-86.009
108.24	-86.005
108.26	-86.006
108.28	-86.016
108.3	-86.003
108.32	-86.001
108.34	-86.003
108.36	-86.01
108.38	-86.015
108.4	-86.008
108.42	-86.002
108.44	-85.988
108.46	-85.993
108.48	-85.996
108.5	-86.014
108.52	-86.005
108.54	-86.002
108.56	-86.012
108.58	-86.011
108.6	-86.001
108.62	-86.005
108.64	-86
108.66	-86.011
108.68	-86.015
108.7	-86.011
108.72	-86.011
108.74	-86.016
108.76	-86.01
108.78	-86.003
108.8	-86.004
108.82	-86.004
108.84	-86.011
108.86	-86.003
108.88	-85.998
108.9	-86.005
108.92	-86.013
108.94	-86.016
108.96	-86.001
108.98	-85.981
109	-86
109.02	-85.993
109.04	-85.999
109.06	-86.004
109.08	-86.008
109.1	-86.007
109.12	-86.01
109.14	-86.007
109.16	-85.999
109.18	-86.004
109.2	-85.999
109.22	-86.009
109.24	-86.002
109.26	-86.004
109.28	-85.997
109.3	-86.003
109.32	-86.011
109.34	-85.994
109.36	-86.002
109.38	-86.01
109.4	-85.999
109.42	-85.985
109.44	-85.997
109.46	-86.009
109.48	-86.013
109.5	-86.015
109.52	-86.016
109.54	-85.999
109.56	-85.983
109.58	-85.984
109.6	-85.991
109.62	-86.016
109.64	-86.013
109.66	-86.002
109.68	-86.006
109.7	-86.019
109.72	-85.999
109.74	-85.985
109.76	-85.99
109.78	-85.999
109.8	-86.01
109.82	-86.007
109.84	-85.991
109.86	-86.007
109.88	-86.005
109.9	-86.011
109.92	-86.008
109.94	-85.993
109.96	-86.004
109.98	-86.002
110	-85.999
110.02	-86.01
110.04	-86.003
110.06	-86.001
110.08	-86.004
110.1	-85.996
110.12	-85.99
110.14	-85.997
110.16	-85.999
110.18	-85.996
110.2	-85.992
110.22	-86.007
110.24	-86.007
110.26	-86.009
110.28	-86
110.3	-85.988
110.32	-85.986
110.34	-85.997
110.36	-85.998
110.38	-85.99
110.4	-86.005
110.42	-86.013
110.44	-86.008
110.46	-86.009
110.48	-86.011
110.5	-85.999
110.52	-86.001
110.54	-86.013
110.56	-86.008
110.58	-85.986
110.6	-85.992
110.62	-85.997
110.64	-85.991
110.66	-86.006
110.68	-86.001
110.7	-85.996
110.72	-85.988
110.74	-85.995
110.76	-86.004
110.78	-86.004
110.8	-86.005
110.82	-86
110.84	-86.008
110.86	-86.006
110.88	-85.994
110.9	-85.996
110.92	-86.004
110.94	-86.005
110.96	-86.006
110.98	-86.007
111	-86.004
111.02	-85.997
111.04	-86.005
111.06	-86.013
111.08	-86.01
111.1	-86.004
111.12	-86
111.14	-86.011
111.16	-86.016
111.18	-85.994
111.2	-85.995
111.22	-86.016
111.24	-86.016
111.26	-86.008
111.28	-85.998
111.3	-86.014
111.32	-86.013
111.34	-86.003
111.36	-86.004
111.38	-86.011
111.4	-86.009
111.42	-86.001
111.44	-86.011
111.46	-86.008
111.48	-85.999
111.5	-85.994
111.52	-86.002
111.54	-86.006
111.56	-86.004
111.58	-86.022
111.6	-86.011
111.62	-86.007
111.64	-86.008
111.66	-86.011
111.68	-85.995
111.7	-85.994
111.72	-85.991
111.74	-85.993
111.76	-86.008
111.78	-85.995
111.8	-86.004
111.82	-85.997
111.84	-85.984
111.86	-85.989
111.88	-86.005
111.9	-86
111.92	-86.011
111.94	-86.002
111.96	-86.005
111.98	-86.005
112	-86.021
112.02	-86.002
112.04	-85.983
112.06	-85.999
112.08	-86.008
112.1	-86.008
112.12	-85.994
112.14	-86.008
112.16	-86.008
112.18	-85.995
112.2	-85.984
112.22	-85.997
112.24	-85.996
112.26	-86.004
112.28	-85.996
112.3	-85.999
112.32	-86.013
112.34	-86.005
112.36	-86.007
112.38	-86.022
112.4	-86.022
112.42	-86.005
112.44	-86.012
112.46	-86.012
112.48	-86.008
112.5	-86.01
112.52	-86.003
112.54	-86.002
112.56	-86.018
112.58	-86.002
112.6	-85.994
112.62	-86
112.64	-86.026
112.66	-86.005
112.68	-86.005
112.7	-86.016
112.72	-86.014
112.74	-86.008
112.76	-85.997
112.78	-85.994
112.8	-85.989
112.82	-86.004
112.84	-86.01
112.86	-86.003
112.88	-86.002
112.9	-86.008
112.92	-85.993
112.94	-85.989
112.96	-86.006
112.98	-86.013
113	-86.002
113.02	-86.004
113.04	-86.024
113.06	-86.019
113.08	-86.008
113.1	-86.006
113.12	-86.007
113.14	-86.002
113.16	-86.007
113.18	-86
113.2	-86
113.22	-86.005
113.24	-86.002
113.26	-86
113.28	-86.008
113.3	-86.007
113.32	-86.004
113.34	-86.011
113.36	-86.011
113.38	-85.993
113.4	-86.007
113.42	-86.01
113.44	-86.003
113.46	-86.013
113.48	-86.01
113.5	-85.99
113.52	-85.999
113.54	-85.995
113.56	-85.998
113.58	-86.008
113.6	-86.015
113.62	-86.011
113.64	-86.01
113.66	-85.988
113.68	-85.996
113.7	-85.992
113.72	-85.999
113.74	-86
113.76	-85.999
113.78	-85.997
113.8	-85.991
113.82	-86
113.84	-86.01
113.86	-86.001
113.88	-85.986
113.9	-85.991
113.92	-85.993
113.94	-85.998
113.96	-86.005
113.98	-86.004
114	-86.003
114.02	-85.993
114.04	-86
114.06	-86.007
114.08	-86.002
114.1	-85.995
114.12	-85.981
114.14	-85.983
114.16	-86
114.18	-85.998
114.2	-86.009
114.22	-86.008
114.24	-85.997
114.26	-85.993
114.28	-85.996
114.3	-85.985
114.32	-85.997
114.34	-86.004
114.36	-85.996
114.38	-86.003
114.4	-85.999
114.42	-86.005
114.44	-86.008
114.46	-85.994
114.48	-85.99
114.5	-85.977
114.52	-85.993
114.54	-85.997
114.56	-85.972
114.58	-85.964
114.6	-85.999
114.62	-85.996
114.64	-86.005
114.66	-85.991
114.68	-85.995
114.7	-86.002
114.72	-85.994
114.74	-85.986
114.76	-85.979
114.78	-85.985
114.8	-85.986
114.82	-86.004
114.84	-85.999
114.86	-85.994
114.88	-85.998
114.9	-85.987
114.92	-86.005
114.94	-86
114.96	-85.98
114.98	-85.988
115	-86.003
115.02	-85.985
115.04	-85.984
115.06	-86.002
115.08	-85.986
115.1	-85.993
115.12	-86.006
115.14	-85.998
115.16	-85.999
115.18	-85.994
115.2	-85.988
115.22	-85.996
115.24	-85.989
115.26	-85.996
115.28	-85.991
115.3	-85.994
115.32	-86
115.34	-86
115.36	-85.986
115.38	-85.979
115.4	-85.975
115.42	-85.979
115.44	-85.994
115.46	-86.007
115.48	-85.996
115.5	-85.993
115.52	-85.983
115.54	-85.985
115.56	-85.994
115.58	-85.977
115.6	-85.97
115.62	-85.995
115.64	-85.989
115.66	-85.99
115.68	-85.996
115.7	-85.983
115.72	-85.983
115.74	-85.994
115.76	-86.002
115.78	-85.991
115.8	-85.994
115.82	-85.999
115.84	-85.989
115.86	-85.983
115.88	-85.991
115.9	-85.981
115.92	-85.97
115.94	-85.994
115.96	-85.98
115.98	-85.979
116	-85.991
116.02	-86
116.04	-85.989
116.06	-85.986
116.08	-85.991
116.1	-86.003
116.12	-86.007
116.14	-85.996
116.16	-85.995
116.18	-85.982
116.2	-85.993
116.22	-86.007
116.24	-86.005
116.26	-85.989
116.28	-85.983
116.3	-85.988
116.32	-85.977
116.34	-85.982
116.36	-85.991
116.38	-85.982
116.4	-85.996
116.42	-85.988
116.44	-85.991
116.46	-85.995
116.48	-85.986
116.5	-85.988
116.52	-85.998
116.54	-85.995
116.56	-85.999
116.58	-85.992
116.6	-85.994
116.62	-86.001
116.64	-85.985
116.66	-85.979
116.68	-85.987
116.7	-85.996
116.72	-85.993
116.74	-85.991
116.76	-85.989
116.78	-85.979
116.8	-85.987
116.82	-85.992
116.84	-85.989
116.86	-85.991
116.88	-86
116.9	-86.001
116.92	-85.99
116.94	-86.006
116.96	-86.003
116.98	-85.982
117	-85.973
117.02	-85.98
117.04	-85.987
117.06	-85.99
117.08	-85.995
117.1	-85.985
117.12	-85.989
117.14	-85.997
117.16	-85.982
117.18	-85.982
117.2	-85.986
117.22	-85.99
117.24	-85.977
117.26	-85.989
117.28	-85.988
117.3	-85.993
117.32	-85.988
117.34	-85.988
117.36	-85.987
117.38	-85.975
117.4	-85.998
117.42	-86
117.44	-85.991
117.46	-85.982
117.48	-85.989
117.5	-85.995
117.52	-85.988
117.54	-85.981
117.56	-85.991
117.58	-85.988
117.6	-85.989
117.62	-86.004
117.64	-85.99
117.66	-85.982
117.68	-85.98
117.7	-85.978
117.72	-85.987
117.74	-85.998
117.76	-85.993
117.78	-85.991
117.8	-85.995
117.82	-86.005
117.84	-86.007
117.86	-85.987
117.88	-85.988
117.9	-86.004
117.92	-85.986
117.94	-85.995
117.96	-86.005
117.98	-85.984
118	-85.981
118.02	-86
118.04	-86.002
118.06	-85.977
118.08	-85.972
118.1	-85.999
118.12	-85.996
118.14	-85.97
118.16	-85.994
118.18	-85.994
118.2	-85.999
118.22	-85.991
118.24	-85.988
118.26	-85.995
118.28	-86
118.3	-85.998
118.32	-85.997
118.34	-85.998
118.36	-85.99
118.38	-85.991
118.4	-85.985
118.42	-85.989
118.44	-85.996
118.46	-85.988
118.48	-85.989
118.5	-85.99
118.52	-85.989
118.54	-85.985
118.56	-85.977
118.58	-85.992
118.6	-86.002
118.62	-85.99
118.64	-85.98
118.66	-85.986
118.68	-85.996
118.7	-85.993
118.72	-85.989
118.74	-85.974
118.76	-85.982
118.78	-85.989
118.8	-85.979
118.82	-85.977
118.84	-85.992
118.86	-85.996
118.88	-85.999
118.9	-85.985
118.92	-85.979
118.94	-85.99
118.96	-85.983
118.98	-85.98
119	-85.999
119.02	-85.983
119.04	-85.996
119.06	-85.999
119.08	-85.985
119.1	-85.977
119.12	-85.978
119.14	-85.986
119.16	-85.983
119.18	-85.98
119.2	-85.981
119.22	-85.977
119.24	-85.979
119.26	-85.996
119.28	-85.991
119.3	-85.983
119.32	-85.985
119.34	-85.983
119.36	-85.985
119.38	-85.996
119.4	-85.985
119.42	-85.978
119.44	-85.991
119.46	-85.977
119.48	-85.991
119.5	-85.987
119.52	-85.971
119.54	-85.973
119.56	-85.972
119.58	-85.977
119.6	-85.998
119.62	-85.992
119.64	-85.982
119.66	-85.989
119.68	-85.982
119.7	-85.976
119.72	-85.975
119.74	-85.979
119.76	-85.979
119.78	-85.971
119.8	-85.975
119.82	-85.996
119.84	-85.996
119.86	-85.991
119.88	-85.982
119.9	-85.973
119.92	-85.975
119.94	-85.988
119.96	-85.983
119.98	-85.966
120	-85.98
120.02	-85.986
120.04	-85.984
120.06	-85.979
120.08	-85.983
120.1	-85.975
120.12	-85.972
120.14	-85.99
120.16	-86.002
120.18	-85.988
120.2	-85.983
120.22	-85.978
120.24	-85.965
120.26	-85.977
120.28	-85.98
120.3	-85.971
120.32	-85.985
120.34	-85.985
120.36	-85.979
120.38	-85.986
120.4	-85.972
120.42	-85.986
120.44	-85.968
120.46	-85.971
120.48	-85.987
120.5	-85.989
120.52	-85.979
120.54	-85.982
120.56	-85.985
120.58	-85.955
120.6	-85.969
120.62	-85.973
120.64	-85.963
120.66	-85.986
120.68	-85.982
120.7	-85.972
120.72	-85.969
120.74	-85.969
120.76	-85.966
120.78	-85.975
120.8	-85.971
120.82	-85.971
120.84	-85.959
120.86	-85.963
120.88	-85.976
120.9	-85.973
120.92	-85.971
120.94	-85.971
120.96	-85.968
120.98	-85.978
121	-85.978
121.02	-85.97
121.04	-85.967
121.06	-85.969
121.08	-85.967
121.1	-85.977
121.12	-85.983
121.14	-85.976
121.16	-85.985
121.18	-85.99
121.2	-85.984
121.22	-85.983
121.24	-85.979
121.26	-85.983
121.28	-85.966
121.3	-85.98
121.32	-85.982
121.34	-85.983
121.36	-85.986
121.38	-85.969
121.4	-85.969
121.42	-85.971
121.44	-85.971
121.46	-85.971
121.48	-85.98
121.5	-85.964
121.52	-85.967
121.54	-85.977
121.56	-85.975
121.58	-85.962
121.6	-85.955
121.62	-85.971
121.64	-85.983
121.66	-85.983
121.68	-85.963
121.7	-85.977
121.72	-85.974
121.74	-85.978
121.76	-85.975
121.78	-85.975
121.8	-85.971
121.82	-85.954
121.84	-85.969
121.86	-85.971
121.88	-85.958
121.9	-85.964
121.92	-85.984
121.94	-85.979
121.96	-85.96
121.98	-85.956
122	-85.971
122.02	-85.971
122.04	-85.966
122.06	-85.979
122.08	-85.975
122.1	-85.974
122.12	-85.964
122.14	-85.964
122.16	-85.96
122.18	-85.959
122.2	-85.975
122.22	-85.974
122.24	-85.969
122.26	-85.959
122.28	-85.957
122.3	-85.961
122.32	-85.965
122.34	-85.961
122.36	-85.961
122.38	-85.955
122.4	-85.966
122.42	-85.974
122.44	-85.966
122.46	-85.954
122.48	-85.954
122.5	-85.958
122.52	-85.969
122.54	-85.967
122.56	-85.955
122.58	-85.951
122.6	-85.963
122.62	-85.957
122.64	-85.951
122.66	-85.95
122.68	-85.959
122.7	-85.963
122.72	-85.957
122.74	-85.963
122.76	-85.949
122.78	-85.961
122.8	-85.969
122.82	-85.95
122.84	-85.944
122.86	-85.948
122.88	-85.954
122.9	-85.954
122.92	-85.946
122.94	-85.95
122.96	-85.963
122.98	-85.97
123	-85.955
123.02	-85.955
123.04	-85.959
123.06	-85.96
123.08	-85.95
123.1	-85.968
123.12	-85.972
123.14	-85.972
123.16	-85.972
123.18	-85.965
123.2	-85.944
123.22	-85.956
123.24	-85.963
123.26	-85.955
123.28	-85.953
123.3	-85.953
123.32	-85.961
123.34	-85.955
123.36	-85.949
123.38	-85.961
123.4	-85.95
123.42	-85.96
123.44	-85.954
123.46	-85.95
123.48	-85.949
123.5	-85.961
123.52	-85.954
123.54	-85.944
123.56	-85.957
123.58	-85.953
123.6	-85.947
123.62	-85.951
123.64	-85.968
123.66	-85.957
123.68	-85.959
123.7	-85.962
123.72	-85.954
123.74	-85.963
123.76	-85.974
123.78	-85.979
123.8	-85.966
123.82	-85.971
123.84	-85.962
123.86	-85.966
123.88	-85.969
123.9	-85.974
123.92	-85.956
123.94	-85.961
123.96	-85.96
123.98	-85.946
124	-85.943
124.02	-85.955
124.04	-85.958
124.06	-85.954
124.08	-85.957
124.1	-85.953
124.12	-85.946
124.14	-85.953
124.16	-85.963
124.18	-85.97
124.2	-85.968
124.22	-85.96
124.24	-85.96
124.26	-85.958
124.28	-85.965
124.3	-85.967
124.32	-85.963
124.34	-85.96
124.36	-85.946
124.38	-85.949
124.4	-85.95
124.42	-85.949
124.44	-85.957
124.46	-85.949
124.48	-85.955
124.5	-85.958
124.52	-85.952
124.54	-85.945
124.56	-85.947
124.58	-85.944
124.6	-85.958
124.62	-85.958
124.64	-85.961
124.66	-85.95
124.68	-85.951
124.7	-85.949
124.72	-85.946
124.74	-85.948
124.76	-85.962
124.78	-85.96
124.8	-85.961
124.82	-85.968
124.84	-85.947
124.86	-85.938
124.88	-85.944
124.9	-85.948
124.92	-85.952
124.94	-85.957
124.96	-85.968
124.98	-85.964
125	-85.96
125.02	-85.955
125.04	-85.958
125.06	-85.973
125.08	-85.976
125.1	-85.958
125.12	-85.963
125.14	-85.955
125.16	-85.959
125.18	-85.966
125.2	-85.952
125.22	-85.95
125.24	-85.967
125.26	-85.969
125.28	-85.954
125.3	-85.955
125.32	-85.949
125.34	-85.932
125.36	-85.94
125.38	-85.947
125.4	-85.937
125.42	-85.939
125.44	-85.949
125.46	-85.95
125.48	-85.955
125.5	-85.959
125.52	-85.944
125.54	-85.936
125.56	-85.951
125.58	-85.96
125.6	-85.966
125.62	-85.95
125.64	-85.96
125.66	-85.95
125.68	-85.953
125.7	-85.953
125.72	-85.946
125.74	-85.948
125.76	-85.959
125.78	-85.958
125.8	-85.95
125.82	-85.952
125.84	-85.961
125.86	-85.938
125.88	-85.935
125.9	-85.944
125.92	-85.955
125.94	-85.955
125.96	-85.944
125.98	-85.943
126	-85.948
126.02	-85.938
126.04	-85.942
126.06	-85.948
126.08	-85.955
126.1	-85.947
126.12	-85.952
126.14	-85.964
126.16	-85.946
126.18	-85.942
126.2	-85.944
126.22	-85.96
126.24	-85.959
126.26	-85.944
126.28	-85.955
126.3	-85.953
126.32	-85.937
126.34	-85.932
126.36	-85.932
126.38	-85.941
126.4	-85.949
126.42	-85.948
126.44	-85.95
126.46	-85.946
126.48	-85.95
126.5	-85.942
126.52	-85.952
126.54	-85.949
126.56	-85.952
126.58	-85.952
126.6	-85.953
126.62	-85.945
126.64	-85.942
126.66	-85.933
126.68	-85.943
126.7	-85.953
126.72	-85.936
126.74	-85.928
126.76	-85.944
126.78	-85.943
126.8	-85.949
126.82	-85.944
126.84	-85.951
126.86	-85.947
126.88	-85.933
126.9	-85.931
126.92	-85.931
126.94	-85.944
126.96	-85.941
126.98	-85.931
127	-85.941
127.02	-85.943
127.04	-85.93
127.06	-85.934
127.08	-85.935
127.1	-85.938
127.12	-85.932
127.14	-85.937
127.16	-85.94
127.18	-85.93
127.2	-85.938
127.22	-85.936
127.24	-85.916
127.26	-85.918
127.28	-85.928
127.3	-85.925
127.32	-85.927
127.34	-85.923
127.36	-85.94
127.38	-85.938
127.4	-85.936
127.42	-85.929
127.44	-85.944
127.46	-85.935
127.48	-85.911
127.5	-85.903
127.52	-85.923
127.54	-85.93
127.56	-85.928
127.58	-85.919
127.6	-85.924
127.62	-85.922
127.64	-85.928
127.66	-85.927
127.68	-85.932
127.7	-85.918
127.72	-85.928
127.74	-85.923
127.76	-85.923
127.78	-85.935
127.8	-85.935
127.82	-85.927
127.84	-85.927
127.86	-85.926
127.88	-85.919
127.9	-85.92
127.92	-85.919
127.94	-85.913
127.96	-85.912
127.98	-85.918
128	-85.923
128.02	-85.925
128.04	-85.919
128.06	-85.934
128.08	-85.943
128.1	-85.927
128.12	-85.919
128.14	-85.914
128.16	-85.922
128.18	-85.929
128.2	-85.933
128.22	-85.929
128.24	-85.908
128.26	-85.918
128.28	-85.933
128.3	-85.931
128.32	-85.927
128.34	-85.919
128.36	-85.925
128.38	-85.914
128.4	-85.925
128.42	-85.925
128.44	-85.924
128.46	-85.919
128.48	-85.916
128.5	-85.909
128.52	-85.919
128.54	-85.921
128.56	-85.912
128.58	-85.928
128.6	-85.916
128.62	-85.919
128.64	-85.929
128.66	-85.919
128.68	-85.909
128.7	-85.925
128.72	-85.922
128.74	-85.921
128.76	-85.924
128.78	-85.916
128.8	-85.927
128.82	-85.941
128.84	-85.929
128.86	-85.928
128.88	-85.922
128.9	-85.92
128.92	-85.924
128.94	-85.921
128.96	-85.899
128.98	-85.907
129	-85.917
129.02	-85.929
129.04	-85.925
129.06	-85.902
