NUMBER_OF_SYNAPSES	APC_N	MAX_VOLTAGE	
89	0.0	-76.3317220721	
89	0.0	-76.8192396949	
89	0.0	-75.5411288251	
89	0.0	-76.2012197786	
89	0.0	-76.9054177934	
89	0.0	-76.1991584559	
89	0.0	-76.3612756702	
89	0.0	-76.3789669722	
89	0.0	-76.7341364027	
89	0.0	-74.8043526006	
89	0.0	-76.3115408723	
89	0.0	-77.5081274649	
89	0.0	-75.9462720169	
89	0.0	-76.6810279763	
89	0.0	-75.9639720445	
89	0.0	-76.6092288485	
89	0.0	-76.8943313761	
89	0.0	-76.4581077707	
89	0.0	-76.1875354934	
89	0.0	-75.1579741768	
89	0.0	-75.6552931929	
89	0.0	-75.4442309158	
89	0.0	-77.4042094058	
89	0.0	-75.82128556	
89	0.0	-76.6848301572	
89	0.0	-76.2110533893	
89	0.0	-76.9902698363	
89	0.0	-77.0877340825	
89	0.0	-76.4144537395	
89	0.0	-75.2923217156	
89	0.0	-76.1372940418	
89	0.0	-76.8605981495	
89	0.0	-76.2491054268	
89	0.0	-76.1794648101	
89	0.0	-75.7445590248	
89	0.0	-76.3997775894	
89	0.0	-75.5988546916	
89	0.0	-75.436105754	
89	0.0	-77.5883868495	
89	0.0	-76.2516536571	
89	0.0	-76.0331342749	
89	0.0	-76.4770600073	
89	0.0	-75.104118522	
89	0.0	-77.2586479963	
89	0.0	-76.3791324703	
89	0.0	-77.6564941614	
89	0.0	-74.9516503998	
89	0.0	-76.4764664499	
89	0.0	-76.5462002671	
89	0.0	-77.5698642839	
89	0.0	-74.9110147333	
89	0.0	-76.5104326644	
89	0.0	-75.8117384526	
89	0.0	-75.4956828254	
89	0.0	-76.2257233762	
89	0.0	-75.4656480241	
89	0.0	-76.5776099213	
89	0.0	-75.2410811721	
89	0.0	-76.7614500691	
89	0.0	-76.7296695508	
89	0.0	-76.6777952558	
89	0.0	-76.4241393081	
89	0.0	-75.5387615609	
89	0.0	-76.5298830981	
89	0.0	-76.0267020439	
89	0.0	-75.9154925711	
89	0.0	-76.1594991877	
89	0.0	-77.0324666315	
89	0.0	-76.6255132868	
89	0.0	-75.5183501866	
89	0.0	-76.8245532666	
89	0.0	-76.1347143041	
89	0.0	-76.1636339357	
89	0.0	-75.3230207817	
89	0.0	-76.4861948849	
89	0.0	-76.6910532034	
89	0.0	-76.0872964376	
89	0.0	-76.6963205346	
89	0.0	-75.6779924044	
89	0.0	-76.7301590219	
89	0.0	-75.9698769208	
89	0.0	-76.0484617334	
89	0.0	-77.1447888201	
89	0.0	-75.8733221384	
89	0.0	-76.6779330377	
89	0.0	-76.1234650643	
89	0.0	-77.1148219904	
89	0.0	-75.0106697768	
89	0.0	-77.4413662828	
89	0.0	-75.9016277595	
89	0.0	-76.9601330777	
89	0.0	-76.745121149	
89	0.0	-75.7284220198	
89	0.0	-77.5383463848	
89	0.0	-75.7285736928	
89	0.0	-76.2908486281	
89	0.0	-74.9936953623	
89	0.0	-75.2090495955	
89	0.0	-75.7034808513	
89	0.0	-77.1639221875	
89	0.0	-75.9647353123	
89	0.0	-77.018252726	
89	0.0	-77.5456125102	
89	0.0	-76.3141542424	
89	0.0	-76.7080953985	
89	0.0	-76.8917204545	
89	0.0	-76.3485914223	
89	0.0	-75.5681918057	
89	0.0	-76.8520558006	
89	0.0	-75.6369923976	
89	0.0	-76.6932204632	
89	0.0	-76.4224962283	
89	0.0	-76.7841241191	
89	0.0	-75.4781146008	
89	0.0	-76.5184876729	
89	0.0	-76.3815697306	
89	0.0	-75.6875031775	
89	0.0	-76.1430148968	
89	0.0	-76.0372727759	
89	0.0	-76.1607635859	
89	0.0	-76.267479987	
89	0.0	-75.511670519	
89	0.0	-76.3905219067	
89	0.0	-76.7166668122	
89	0.0	-76.062761686	
89	0.0	-75.825448256	
89	0.0	-76.6990323539	
89	0.0	-76.6621472009	
89	0.0	-75.728502943	
89	0.0	-76.5895272698	
89	0.0	-76.8382567825	
89	0.0	-76.4985527138	
89	0.0	-76.0944212592	
89	0.0	-76.9011583449	
89	0.0	-75.0017660868	
89	0.0	-76.3313188683	
89	0.0	-76.6434172127	
89	0.0	-75.5882037374	
89	0.0	-76.9311908396	
89	0.0	-76.4158482102	
89	0.0	-77.5802765806	
89	0.0	-77.129878712	
89	0.0	-76.4851512268	
89	0.0	-76.2126746135	
89	0.0	-77.7041365307	
89	0.0	-76.2971718567	
89	0.0	-76.2671118547	
89	0.0	-77.1491627533	
89	0.0	-75.8673977058	
89	0.0	-77.5075550274	
89	0.0	-76.3341648393	
89	0.0	-76.6190465789	
89	0.0	-75.4668078362	
89	0.0	-75.599058893	
89	0.0	-75.8094170006	
89	0.0	-76.3582673183	
89	0.0	-76.3232261762	
89	0.0	-76.3833965173	
89	0.0	-75.3179787183	
89	0.0	-75.1032082667	
89	0.0	-76.0182257212	
89	0.0	-76.2655295132	
89	0.0	-76.3946855967	
89	0.0	-76.2762629848	
89	0.0	-76.3071436272	
89	0.0	-77.3767107157	
89	0.0	-75.5982893445	
89	0.0	-76.8580754296	
89	0.0	-76.3823127006	
89	0.0	-75.6348053145	
89	0.0	-76.7452669328	
89	0.0	-76.0768214958	
89	0.0	-75.6882873608	
89	0.0	-75.3672150766	
89	0.0	-75.6168973805	
89	0.0	-76.4462855664	
89	0.0	-76.7550524789	
89	0.0	-77.4707738031	
89	0.0	-75.5106612489	
89	0.0	-75.3278249582	
89	0.0	-76.5182130138	
89	0.0	-76.5612135139	
89	0.0	-76.574313202	
89	0.0	-76.3462096064	
89	0.0	-76.9376260335	
89	0.0	-76.5139050862	
89	0.0	-76.1899282192	
89	0.0	-75.8145684566	
89	0.0	-75.3413670802	
89	0.0	-75.6817722883	
89	0.0	-76.0559722207	
89	0.0	-75.2309353947	
89	0.0	-76.5327805842	
89	0.0	-76.6690895293	
89	0.0	-78.0988330583	
89	0.0	-75.6592992921	
89	0.0	-74.7706797094	
89	0.0	-77.5842033253	
89	0.0	-76.5911635553	
89	0.0	-75.8774653466	
89	0.0	-77.5305315817	
89	0.0	-76.2432304959	
89	0.0	-77.896151897	
89	0.0	-76.506449102	
89	0.0	-75.3870889024	
89	0.0	-75.6590311547	
89	0.0	-75.6100949536	
89	0.0	-76.751379676	
89	0.0	-76.4455648111	
89	0.0	-76.7899290241	
89	0.0	-76.6066539188	
89	0.0	-75.965460941	
89	0.0	-77.1132590508	
89	0.0	-77.2501292922	
89	0.0	-76.2885326807	
89	0.0	-75.2109812295	
89	0.0	-75.8461792057	
89	0.0	-76.6856428662	
89	0.0	-75.8187814422	
89	0.0	-77.1315321936	
89	0.0	-76.6357913783	
89	0.0	-76.4131945898	
89	0.0	-76.8660325745	
89	0.0	-75.9846590427	
89	0.0	-76.4296336674	
89	0.0	-76.4507687263	
89	0.0	-76.4014717623	
89	0.0	-75.5063336935	
89	0.0	-76.4328372254	
89	0.0	-75.9407145603	
89	0.0	-77.1786898362	
89	0.0	-75.0629362521	
89	0.0	-76.3788868671	
89	0.0	-75.622914361	
89	0.0	-75.6619175777	
89	0.0	-76.6222171283	
89	0.0	-76.3253597618	
89	0.0	-76.0627582063	
89	0.0	-76.3567512072	
89	0.0	-76.4597838202	
89	0.0	-76.4458143409	
89	0.0	-75.4939947299	
89	0.0	-77.7826945995	
89	0.0	-77.1104874812	
89	0.0	-77.0744368942	
89	0.0	-75.8344571692	
89	0.0	-76.5482959249	
89	0.0	-75.759581505	
89	0.0	-75.7156747716	
89	0.0	-77.2424986481	
89	0.0	-76.1956904463	
89	0.0	-78.248413681	
89	0.0	-74.9868064223	
89	0.0	-76.8904498091	
89	0.0	-77.0966346503	
89	0.0	-75.7094738791	
89	0.0	-76.3852521126	
89	0.0	-76.8247161229	
89	0.0	-75.7116207485	
89	0.0	-76.302206163	
89	0.0	-76.8498459421	
89	0.0	-76.8044199986	
89	0.0	-76.0784382431	
89	0.0	-76.7714679735	
89	0.0	-76.317707491	
89	0.0	-76.4434731385	
89	0.0	-74.8049619116	
89	0.0	-75.9797877838	
89	0.0	-76.4210646417	
89	0.0	-76.4312013779	
89	0.0	-76.6169572685	
89	0.0	-76.1017298538	
89	0.0	-75.9816994205	
89	0.0	-76.8415946442	
89	0.0	-76.1406565786	
89	0.0	-76.1077087988	
89	0.0	-75.5505433948	
89	0.0	-76.5594665892	
89	0.0	-76.4416110792	
89	0.0	-76.2404295708	
89	0.0	-76.2933566341	
89	0.0	-76.250798951	
89	0.0	-75.8398773258	
89	0.0	-76.2851619173	
89	0.0	-76.1611120137	
89	0.0	-76.4426709045	
89	0.0	-76.6039387159	
89	0.0	-75.8703649341	
89	0.0	-75.9630668066	
89	0.0	-76.7063448855	
89	0.0	-75.0944402981	
89	0.0	-76.5878787731	
89	0.0	-75.1634092702	
89	0.0	-76.3053473871	
89	0.0	-75.5374810472	
89	0.0	-76.5267114692	
89	0.0	-77.0210122027	
89	0.0	-76.2141802321	
89	0.0	-76.1168826486	
89	0.0	-75.8178820007	
89	0.0	-77.2793800106	
89	0.0	-76.1989223153	
89	0.0	-75.6292867956	
89	0.0	-76.4906042801	
89	0.0	-76.4802659117	
89	0.0	-75.0843144798	
89	0.0	-76.4566292835	
89	0.0	-77.2678874085	
89	0.0	-74.8757647082	
89	0.0	-75.9534591987	
89	0.0	-76.4838942568	
89	0.0	-76.4518940242	
89	0.0	-75.0129312653	
89	0.0	-77.0535468613	
89	0.0	-76.4044735559	
89	0.0	-75.5985497979	
89	0.0	-76.1363092191	
89	0.0	-75.9002288381	
89	0.0	-77.5285884812	
89	0.0	-75.6692235272	
89	0.0	-76.8611039007	
89	0.0	-76.1301718546	
89	0.0	-75.315042654	
89	0.0	-75.0460886074	
89	0.0	-76.6406659447	
89	0.0	-76.6943536271	
89	0.0	-77.228267619	
89	0.0	-75.9645555613	
89	0.0	-75.9409758196	
89	0.0	-77.3720587585	
89	0.0	-75.8223033903	
89	0.0	-77.6584126532	
89	0.0	-75.7850055602	
89	0.0	-75.713294665	
89	0.0	-74.9964297345	
89	0.0	-76.7495666484	
89	0.0	-76.9935860492	
89	0.0	-76.6178088906	
89	0.0	-75.9613686256	
89	0.0	-75.875848042	
89	0.0	-75.1404138918	
89	0.0	-75.5311166922	
89	0.0	-76.2715959134	
89	0.0	-75.9158249002	
89	0.0	-75.7907160941	
89	0.0	-76.1308620893	
89	0.0	-76.1332412172	
89	0.0	-74.9910858592	
89	0.0	-75.9163196261	
89	0.0	-76.038165942	
89	0.0	-76.5312816152	
89	0.0	-76.754709664	
89	0.0	-76.8986350377	
89	0.0	-75.9979341302	
89	0.0	-75.737673646	
89	0.0	-76.8023905811	
89	0.0	-76.4901719157	
89	0.0	-76.0275050672	
89	0.0	-76.1384320265	
89	0.0	-76.7017317204	
89	0.0	-77.0337915708	
89	0.0	-75.6478272834	
89	0.0	-76.3845271104	
89	0.0	-76.0926034862	
89	0.0	-75.5048395667	
89	0.0	-76.2531785233	
89	0.0	-76.9963009558	
89	0.0	-77.0583954583	
89	0.0	-75.4537711471	
89	0.0	-76.5781969025	
89	0.0	-76.4484755936	
89	0.0	-76.1872658181	
89	0.0	-76.6843795418	
89	0.0	-76.4120995248	
89	0.0	-75.2257920112	
89	0.0	-76.2683119195	
89	0.0	-77.1844952117	
89	0.0	-76.5311918311	
89	0.0	-75.2588476138	
89	0.0	-76.1649022837	
89	0.0	-75.3190698084	
89	0.0	-76.7450138631	
89	0.0	-76.1358522675	
89	0.0	-75.798221582	
89	0.0	-76.1739712329	
89	0.0	-76.5332308174	
89	0.0	-76.6424579906	
89	0.0	-76.534171875	
89	0.0	-76.6512361635	
89	0.0	-75.7920389498	
89	0.0	-75.9309893679	
89	0.0	-76.661102586	
89	0.0	-76.6257088394	
89	0.0	-75.0805349325	
89	0.0	-76.0573974764	
89	0.0	-77.050887333	
89	0.0	-76.9426135116	
89	0.0	-75.9289076612	
89	0.0	-76.9673942016	
89	0.0	-76.5842233951	
89	0.0	-75.6331122368	
89	0.0	-76.7434011211	
89	0.0	-77.7943962896	
89	0.0	-76.377686175	
89	0.0	-76.1097025419	
89	0.0	-76.9160433758	
89	0.0	-76.6041936491	
89	0.0	-75.0155048896	
89	0.0	-77.2172047148	
89	0.0	-76.3455628827	
89	0.0	-75.994850098	
89	0.0	-76.5203477066	
89	0.0	-75.5375417197	
89	0.0	-74.6537786026	
89	0.0	-76.4654030002	
89	0.0	-77.8254295656	
89	0.0	-76.3714059252	
89	0.0	-76.579430819	
89	0.0	-77.5255407498	
89	0.0	-75.4762581541	
89	0.0	-75.2988705864	
89	0.0	-76.4776583384	
89	0.0	-76.7104745909	
89	0.0	-77.4507623102	
89	0.0	-76.6056847134	
89	0.0	-77.2276677334	
89	0.0	-76.9075615116	
89	0.0	-77.3644819681	
89	0.0	-76.5954072635	
89	0.0	-76.5665095925	
89	0.0	-77.3126033039	
89	0.0	-76.6423624191	
89	0.0	-76.0540128312	
89	0.0	-76.4636491133	
89	0.0	-75.3111674927	
89	0.0	-77.2086153348	
89	0.0	-77.2062540979	
89	0.0	-76.665887565	
89	0.0	-75.7281594391	
89	0.0	-76.1249170003	
89	0.0	-77.0837106611	
89	0.0	-76.9903882146	
89	0.0	-75.7340492247	
89	0.0	-76.6052515985	
89	0.0	-75.8413207287	
89	0.0	-76.2296069587	
89	0.0	-76.793070519	
89	0.0	-77.5413607309	
89	0.0	-76.7245011943	
89	0.0	-75.6922002882	
89	0.0	-76.5726484236	
89	0.0	-76.1765422052	
89	0.0	-77.4286403317	
89	0.0	-75.7280159307	
89	0.0	-76.2352697509	
89	0.0	-77.2350778675	
89	0.0	-76.4260258417	
89	0.0	-76.9358213331	
89	0.0	-77.5234539051	
89	0.0	-75.8809602526	
89	0.0	-76.6382004611	
89	0.0	-76.908468304	
89	0.0	-76.1799078502	
89	0.0	-76.6524789753	
89	0.0	-76.0799100275	
89	0.0	-76.897026339	
89	0.0	-76.2219237365	
89	0.0	-75.1332343233	
89	0.0	-76.4838787568	
89	0.0	-76.1800114955	
89	0.0	-75.9007096912	
89	0.0	-76.721955252	
89	0.0	-76.5087312445	
89	0.0	-76.1451878433	
89	0.0	-76.5745884707	
89	0.0	-76.4548946478	
89	0.0	-75.8222682097	
89	0.0	-76.1296237918	
89	0.0	-75.5431933631	
89	0.0	-76.3164289256	
89	0.0	-76.1027122815	
89	0.0	-76.3867891617	
89	0.0	-76.4644807436	
89	0.0	-75.9579635307	
89	0.0	-76.0674278133	
89	0.0	-76.2075081997	
89	0.0	-75.3182702133	
89	0.0	-76.6560960671	
89	0.0	-75.6802143815	
89	0.0	-77.2991798733	
89	0.0	-75.3567134641	
89	0.0	-76.3924968865	
89	0.0	-76.6639637002	
89	0.0	-76.6479096073	
89	0.0	-76.7034713333	
89	0.0	-76.2864824955	
89	0.0	-75.8003892109	
89	0.0	-76.1370771616	
89	0.0	-76.3379682943	
89	0.0	-75.4091427476	
89	0.0	-77.4945583436	
89	0.0	-75.579487073	
89	0.0	-76.3376797724	
89	0.0	-76.6683507223	
89	0.0	-76.8636664077	
89	0.0	-77.3792266351	
89	0.0	-76.6276200413	
89	0.0	-77.1436851435	
89	0.0	-75.5788246174	
89	0.0	-77.1290119273	
89	0.0	-76.0887408061	
89	0.0	-76.3831156654	
89	0.0	-76.9409001093	
89	0.0	-77.1502549192	
89	0.0	-77.0805731447	
89	0.0	-76.936713932	
89	0.0	-76.3620265935	
89	0.0	-75.9217325404	
89	0.0	-75.5642314165	
89	0.0	-75.5844630354	
89	0.0	-76.0135852832	
89	0.0	-76.6692916906	
89	0.0	-76.6749597887	
89	0.0	-76.8562942233	
89	0.0	-76.2539811004	
89	0.0	-75.6382177755	
89	0.0	-76.0257393874	
89	0.0	-76.2410361217	
89	0.0	-77.7562536268	
89	0.0	-75.5623100401	
89	0.0	-75.2136129955	
89	0.0	-76.2870534473	
89	0.0	-76.7256129009	
89	0.0	-76.9496185397	
89	0.0	-76.2920463467	
89	0.0	-76.5787065042	
89	0.0	-75.8014991596	
89	0.0	-75.8526447174	
89	0.0	-76.2749840839	
89	0.0	-75.2106892631	
89	0.0	-76.0218943	
89	0.0	-77.1701662559	
89	0.0	-76.7757696837	
89	0.0	-76.0568026845	
89	0.0	-76.1457003077	
89	0.0	-76.1118421174	
89	0.0	-74.8130239697	
89	0.0	-76.739900723	
89	0.0	-76.7427697177	
89	0.0	-75.9714784296	
89	0.0	-76.5722857162	
89	0.0	-75.4236067312	
89	0.0	-76.7712304378	
89	0.0	-76.2754115815	
89	0.0	-77.093566464	
89	0.0	-76.1087808651	
89	0.0	-76.4261010916	
89	0.0	-76.0338503733	
89	0.0	-76.4095191796	
89	0.0	-76.3185450006	
89	0.0	-76.8851032152	
89	0.0	-75.8325587955	
89	0.0	-76.5143971672	
89	0.0	-75.9321402008	
89	0.0	-76.1147418514	
89	0.0	-76.0936225051	
89	0.0	-76.8197394728	
89	0.0	-76.0693154234	
89	0.0	-76.0256164333	
89	0.0	-75.7371831528	
89	0.0	-75.0006683336	
89	0.0	-76.7234003113	
89	0.0	-75.3875934704	
89	0.0	-75.5268705422	
89	0.0	-75.9540559413	
89	0.0	-76.3861283851	
89	0.0	-76.5097837718	
89	0.0	-74.7609531234	
89	0.0	-75.8577723109	
89	0.0	-76.4239243609	
89	0.0	-76.7507080694	
89	0.0	-75.190773419	
89	0.0	-76.225523354	
89	0.0	-76.5182927863	
89	0.0	-75.9447276247	
89	0.0	-77.5250155023	
89	0.0	-75.6667183982	
89	0.0	-76.7227938244	
89	0.0	-75.9984563273	
89	0.0	-76.3541487079	
89	0.0	-75.2062001436	
89	0.0	-76.8958645051	
89	0.0	-76.4184286064	
89	0.0	-76.150155476	
89	0.0	-76.277156793	
89	0.0	-76.9264164177	
89	0.0	-75.7699746303	
89	0.0	-75.7121328123	
89	0.0	-76.5483818135	
89	0.0	-76.3597644502	
89	0.0	-76.6263915744	
89	0.0	-75.8412678838	
89	0.0	-77.7624112181	
89	0.0	-76.1553887044	
89	0.0	-75.7593390358	
89	0.0	-76.9057387229	
89	0.0	-76.263166883	
89	0.0	-76.2796491446	
89	0.0	-75.3056160777	
89	0.0	-76.1900681842	
89	0.0	-75.5026468568	
89	0.0	-76.6234012712	
89	0.0	-76.8591246058	
89	0.0	-76.6859482577	
89	0.0	-76.3455356941	
89	0.0	-77.1847823222	
89	0.0	-76.8617841956	
89	0.0	-76.5181813984	
89	0.0	-75.8656147655	
89	0.0	-76.6805577428	
89	0.0	-76.6261223299	
89	0.0	-76.0390855262	
89	0.0	-75.9867264312	
89	0.0	-75.4794351727	
89	0.0	-75.5201478059	
89	0.0	-76.7400468651	
89	0.0	-75.7785545608	
89	0.0	-75.8631399065	
89	0.0	-76.5529830083	
89	0.0	-77.46990223	
89	0.0	-77.2148576099	
89	0.0	-76.9627840826	
89	0.0	-76.3100135665	
89	0.0	-77.6528520522	
89	0.0	-76.2043787133	
89	0.0	-76.410451988	
89	0.0	-77.2754290503	
89	0.0	-75.5719823354	
89	0.0	-76.0645250504	
89	0.0	-76.1203888637	
89	0.0	-76.0378121018	
89	0.0	-76.1393377565	
89	0.0	-75.6752158206	
89	0.0	-76.75208387	
89	0.0	-77.0404092345	
89	0.0	-76.9215153282	
89	0.0	-75.7348988234	
89	0.0	-75.9767486688	
89	0.0	-75.6132292784	
89	0.0	-77.0478146691	
89	0.0	-77.5768995596	
89	0.0	-75.7512137536	
89	0.0	-76.5944768751	
89	0.0	-76.5934552258	
89	0.0	-76.1713208069	
89	0.0	-77.0895532629	
89	0.0	-75.7403830244	
89	0.0	-76.1293717417	
89	0.0	-75.6826681387	
89	0.0	-76.0247421665	
89	0.0	-76.9702774467	
89	0.0	-76.4819845663	
89	0.0	-75.8157060117	
89	0.0	-75.5839566172	
89	0.0	-75.8561731556	
89	0.0	-77.820050117	
89	0.0	-76.2519847108	
89	0.0	-76.1077423353	
89	0.0	-76.089007321	
89	0.0	-75.6027669083	
89	0.0	-76.2658137053	
89	0.0	-76.2715023768	
89	0.0	-76.1229340349	
89	0.0	-76.1157265313	
89	0.0	-76.0464271349	
89	0.0	-75.8273133515	
89	0.0	-77.2356207315	
89	0.0	-76.0952397374	
89	0.0	-76.047886616	
89	0.0	-76.4098163303	
89	0.0	-76.6578435968	
89	0.0	-76.5466886385	
89	0.0	-77.4569060357	
89	0.0	-76.2804681883	
89	0.0	-76.8371297977	
89	0.0	-75.7028650384	
89	0.0	-75.3577310767	
89	0.0	-76.3649223938	
89	0.0	-75.7144183505	
89	0.0	-76.6626388507	
89	0.0	-75.4144668883	
89	0.0	-76.7629815473	
89	0.0	-76.4691508819	
89	0.0	-76.5796479812	
89	0.0	-75.5310400914	
89	0.0	-75.9448784316	
89	0.0	-77.1162960109	
89	0.0	-76.2677819141	
89	0.0	-76.1424167228	
89	0.0	-76.0982490668	
89	0.0	-76.1914466168	
89	0.0	-76.5299164552	
89	0.0	-76.2524559053	
89	0.0	-77.0987695632	
89	0.0	-75.938115547	
89	0.0	-75.5992567852	
89	0.0	-76.0006444481	
89	0.0	-76.1315865761	
89	0.0	-75.9564837143	
89	0.0	-76.3678941357	
89	0.0	-75.7627725955	
89	0.0	-77.8443677498	
89	0.0	-75.8383591398	
89	0.0	-75.4719221139	
89	0.0	-75.1578156549	
89	0.0	-76.4460138325	
89	0.0	-76.886593912	
89	0.0	-76.8478173983	
89	0.0	-76.4747623763	
89	0.0	-76.6375732458	
89	0.0	-76.0231434861	
89	0.0	-75.5466954418	
89	0.0	-75.8803456166	
89	0.0	-76.0065583184	
89	0.0	-76.7069785715	
89	0.0	-77.0973428622	
89	0.0	-76.8380841579	
89	0.0	-76.2805672688	
89	0.0	-76.1918601454	
89	0.0	-77.4284757817	
89	0.0	-75.8487136972	
89	0.0	-75.564542374	
89	0.0	-77.6363247188	
89	0.0	-75.7452646682	
89	0.0	-76.0795808286	
89	0.0	-76.5545764457	
89	0.0	-76.9444462351	
89	0.0	-76.7615133719	
89	0.0	-76.5059154045	
89	0.0	-76.3637966544	
89	0.0	-75.7150059071	
89	0.0	-76.1585607051	
89	0.0	-77.6464098976	
89	0.0	-75.8307496649	
89	0.0	-75.4041964247	
89	0.0	-75.7305328299	
89	0.0	-75.9074900318	
89	0.0	-76.8300418847	
89	0.0	-76.9102841081	
89	0.0	-76.6732175889	
89	0.0	-76.3413964861	
89	0.0	-75.3885730065	
89	0.0	-75.7329342226	
89	0.0	-76.1905533671	
89	0.0	-76.2885600093	
89	0.0	-76.5093622918	
89	0.0	-76.3301530192	
89	0.0	-76.1232004367	
89	0.0	-76.5699219068	
89	0.0	-76.7249811047	
89	0.0	-77.0350564133	
89	0.0	-76.6211011947	
89	0.0	-76.4146641593	
89	0.0	-76.5279456443	
89	0.0	-76.1159594676	
89	0.0	-76.0280459896	
89	0.0	-76.3115697092	
89	0.0	-76.3907614701	
89	0.0	-76.2246991802	
89	0.0	-75.8985880904	
89	0.0	-76.2281905631	
89	0.0	-76.389654938	
89	0.0	-75.9009721162	
89	0.0	-75.1414116308	
89	0.0	-76.0085845451	
89	0.0	-75.9210450261	
89	0.0	-76.2299067272	
89	0.0	-75.4700473892	
89	0.0	-77.3573401754	
89	0.0	-76.863448076	
89	0.0	-76.138824781	
89	0.0	-75.5311042319	
89	0.0	-76.684454377	
89	0.0	-76.7542462113	
89	0.0	-76.2226562615	
89	0.0	-76.3713434875	
89	0.0	-76.5462329237	
89	0.0	-76.3618155828	
89	0.0	-75.4685802209	
89	0.0	-76.3849067459	
89	0.0	-76.1765645929	
89	0.0	-75.7885485233	
89	0.0	-75.2363063202	
89	0.0	-76.5447814672	
89	0.0	-76.0052555688	
89	0.0	-76.1665680695	
89	0.0	-76.1378384986	
89	0.0	-77.0956506076	
89	0.0	-76.7179802325	
89	0.0	-75.9171956565	
89	0.0	-77.5019696792	
89	0.0	-76.8401310775	
89	0.0	-76.479299575	
89	0.0	-76.7090573238	
89	0.0	-76.690468974	
89	0.0	-76.9895422375	
89	0.0	-77.1635796513	
89	0.0	-76.3177943748	
89	0.0	-76.6590851667	
89	0.0	-76.3656695221	
89	0.0	-75.6870360852	
89	0.0	-76.7686491556	
89	0.0	-76.1148943214	
89	0.0	-76.1152063984	
89	0.0	-76.5512105284	
89	0.0	-76.912063832	
89	0.0	-76.5967844847	
89	0.0	-76.5072492436	
89	0.0	-76.892783303	
89	0.0	-75.6953815327	
89	0.0	-75.6376622854	
89	0.0	-75.3325999588	
89	0.0	-76.2578110202	
89	0.0	-75.8746382725	
89	0.0	-76.4474305258	
89	0.0	-75.5755344527	
89	0.0	-75.1467824364	
89	0.0	-76.5910365531	
89	0.0	-77.618770211	
89	0.0	-76.0185797519	
89	0.0	-76.8828606228	
89	0.0	-75.6506264006	
89	0.0	-76.1743700969	
89	0.0	-75.6803632835	
89	0.0	-76.5624320325	
89	0.0	-75.962837953	
89	0.0	-76.2542397348	
89	0.0	-76.5795852945	
89	0.0	-76.4641231496	
89	0.0	-76.4175578981	
89	0.0	-76.0689738433	
89	0.0	-75.7588788888	
89	0.0	-76.6828034612	
89	0.0	-75.8974210135	
89	0.0	-76.538131631	
89	0.0	-75.9219275819	
89	0.0	-77.9976529068	
89	0.0	-75.7391811051	
89	0.0	-76.3684621992	
89	0.0	-76.9383092735	
89	0.0	-76.9441384483	
89	0.0	-76.5604767772	
89	0.0	-75.8904623338	
89	0.0	-76.5612986376	
89	0.0	-75.5750351898	
89	0.0	-77.0156799515	
89	0.0	-75.5010763526	
89	0.0	-76.1904950309	
89	0.0	-76.8814172618	
89	0.0	-76.5081893378	
89	0.0	-76.0042536621	
89	0.0	-77.7255288026	
89	0.0	-77.1224528757	
89	0.0	-76.2969953523	
89	0.0	-76.338783918	
89	0.0	-76.546819598	
89	0.0	-76.0371395483	
89	0.0	-76.0746523567	
89	0.0	-76.3626854001	
89	0.0	-76.7732609501	
89	0.0	-75.8146994539	
89	0.0	-76.5196112513	
89	0.0	-76.5139437114	
89	0.0	-77.3493971283	
89	0.0	-75.9058124948	
89	0.0	-74.2369866034	
89	0.0	-76.2828214033	
89	0.0	-75.4646165414	
89	0.0	-75.8090865839	
89	0.0	-76.9290594488	
89	0.0	-75.7959198233	
89	0.0	-76.8049400524	
89	0.0	-77.2192555625	
89	0.0	-76.2140803848	
89	0.0	-77.2022496619	
89	0.0	-76.6620518961	
89	0.0	-76.7565380335	
89	0.0	-76.2482967694	
89	0.0	-76.8822680639	
89	0.0	-76.3042312547	
89	0.0	-75.8211949913	
89	0.0	-76.462579428	
89	0.0	-75.5806286013	
89	0.0	-76.6000085138	
89	0.0	-76.9480555391	
89	0.0	-77.6867579072	
89	0.0	-76.0659488892	
89	0.0	-76.0755436349	
89	0.0	-77.1463917851	
89	0.0	-75.7895123726	
89	0.0	-77.2400305287	
89	0.0	-75.4020790147	
89	0.0	-75.55334245	
89	0.0	-76.50024449	
89	0.0	-77.0401747411	
89	0.0	-76.9867022228	
89	0.0	-75.3084340974	
89	0.0	-76.2120343392	
89	0.0	-76.4021445665	
89	0.0	-75.7933916413	
89	0.0	-76.4956323993	
89	0.0	-76.1208867853	
89	0.0	-76.7696274481	
89	0.0	-76.1333116775	
89	0.0	-75.8010742159	
89	0.0	-76.8091498838	
89	0.0	-76.4153899651	
89	0.0	-76.3063839804	
89	0.0	-76.0047913904	
89	0.0	-76.5399165176	
89	0.0	-75.2590184353	
89	0.0	-77.188135761	
89	0.0	-75.7218099166	
89	0.0	-74.752543125	
89	0.0	-75.8668612532	
89	0.0	-77.5160678674	
89	0.0	-76.0364084858	
89	0.0	-75.5431225357	
89	0.0	-77.0463074614	
89	0.0	-75.9397977124	
89	0.0	-76.1374168289	
89	0.0	-76.1296113686	
89	0.0	-76.4787977762	
89	0.0	-76.4071542936	
89	0.0	-75.6502066473	
89	0.0	-75.397375264	
89	0.0	-76.8249480202	
89	0.0	-75.9474029494	
89	0.0	-76.532897422	
89	0.0	-75.9719228902	
89	0.0	-76.3907294653	
89	0.0	-76.290374709	
89	0.0	-77.8517874953	
89	0.0	-76.1532596963	
89	0.0	-76.5445909597	
89	0.0	-76.0971213534	
89	0.0	-76.2509294021	
89	0.0	-76.6141256016	
89	0.0	-75.6513271216	
89	0.0	-75.8428484126	
89	0.0	-76.4977701493	
89	0.0	-76.2920512871	
89	0.0	-76.3296446184	
89	0.0	-75.047268755	
89	0.0	-75.6392111666	
89	0.0	-76.8112396048	
89	0.0	-76.9602248827	
89	0.0	-75.1412582372	
89	0.0	-75.822589711	
89	0.0	-75.8245734377	
89	0.0	-76.6465140168	
89	0.0	-75.1502888823	
89	0.0	-75.8551344429	
89	0.0	-76.5223286394	
89	0.0	-76.7290386386	
89	0.0	-76.2885201634	
89	0.0	-76.2788576062	
89	0.0	-77.1210005178	
89	0.0	-76.0875394221	
89	0.0	-75.9573919025	
89	0.0	-77.6830900449	
89	0.0	-76.3285476728	
89	0.0	-75.8374954134	
89	0.0	-76.2576492642	
89	0.0	-77.1920463616	
89	0.0	-76.1727284379	
89	0.0	-76.3893551427	
89	0.0	-76.9982598742	
89	0.0	-76.0382550272	
89	0.0	-76.2177628612	
89	0.0	-75.9306459645	
89	0.0	-76.420122464	
89	0.0	-76.2897214738	
89	0.0	-76.7993819809	
89	0.0	-76.2198247417	
89	0.0	-76.3579903104	
89	0.0	-76.3911741188	
89	0.0	-76.5160751993	
89	0.0	-76.1009264031	
89	0.0	-76.0329041584	
89	0.0	-75.7992956543	
89	0.0	-75.893789644	
89	0.0	-75.0103440844	
89	0.0	-76.7164963372	
89	0.0	-76.2065902193	
89	0.0	-76.5739461319	
89	0.0	-76.4403099251	
89	0.0	-76.2859122347	
89	0.0	-75.4726281127	
89	0.0	-77.1287956936	
