NUMBER_OF_SYNAPSES	fit_to_EPSP	SEC_List	Sec_Index	Sec_Seg	TAU_1	TAU_2	WEIGHT	Spike_time	RMSD
1	110322_Sl2_Cl2_6to4	apic	13	0.611	0.3	1.8	0.003376	338.293	0.004929
1	110322_Sl2_Cl2_6to4	apic	13	0.722	0.3	1.8	0.003593	338.161	0.004949
1	110322_Sl2_Cl2_6to4	apic	13	0.833	0.3	1.8	0.003837	338.158	0.004972
1	110322_Sl2_Cl2_6to4	apic	13	0.944	0.3	1.8	0.004122	338.089	0.004996
1	110322_Sl2_Cl2_6to4	apic	13	1.000	0.3	1.8	0.004280	338.093	0.005011
1	110322_Sl2_Cl2_6to4	dend	13	1.000	0.3	1.8	0.002567	338.467	0.004719
1	110322_Sl2_Cl2_6to4	dend	14	0.500	0.3	1.8	0.002721	338.337	0.004824
1	110322_Sl2_Cl2_6to4	dend	17	0.056	0.3	1.8	0.002641	338.457	0.004740
1	110322_Sl2_Cl2_6to4	dend	17	0.167	0.3	1.8	0.002791	338.338	0.004776
