NUMBER_OF_SYNAPSES	APC_N	MAX_VOLTAGE	
203	1.0	42.5804611128	
203	1.0	43.0870182723	
203	1.0	42.8646798063	
203	0.0	-64.9717188757	
203	1.0	42.8538799047	
203	1.0	42.5610296692	
203	1.0	42.6905959325	
203	1.0	42.8727166487	
203	1.0	42.8981433801	
203	1.0	42.9384340836	
203	1.0	42.512744797	
203	1.0	42.8994385021	
203	1.0	42.8072418225	
203	1.0	42.6186652027	
203	1.0	42.75868468	
203	1.0	42.8247651888	
203	1.0	43.0978730182	
203	1.0	42.8270688316	
203	1.0	42.8849381696	
203	1.0	42.969517578	
203	1.0	42.5600121466	
203	1.0	42.7720870121	
203	1.0	42.7027434182	
203	1.0	42.8265881797	
203	1.0	42.9998137095	
203	1.0	42.8207974781	
203	0.0	-66.1914786466	
203	1.0	42.2689743572	
203	1.0	42.8222426845	
203	1.0	42.61773391	
203	1.0	42.1139960521	
203	1.0	42.8411759366	
203	1.0	42.8204517745	
203	1.0	42.615914088	
203	1.0	42.6615520172	
203	0.0	-64.4640108638	
203	1.0	42.815391697	
203	1.0	42.8689390888	
203	1.0	42.6553111737	
203	0.0	-64.1541461657	
203	1.0	43.0478957972	
203	1.0	42.9615633969	
203	1.0	42.985790661	
203	1.0	42.9213562605	
203	1.0	42.7800316995	
203	1.0	42.9870891272	
203	1.0	42.7909699837	
203	1.0	42.6830232495	
203	1.0	42.8274832255	
203	1.0	42.5419744511	
203	0.0	-63.9661688352	
203	1.0	42.7982669603	
203	1.0	42.930040675	
203	1.0	42.8348637441	
203	1.0	42.9362794923	
203	1.0	42.7421894379	
203	1.0	42.7366612843	
203	1.0	42.7974256365	
203	1.0	43.0118044761	
203	1.0	42.8805763257	
203	1.0	42.8129154262	
203	1.0	42.8371048276	
203	1.0	42.9707768336	
203	1.0	42.8093912427	
203	1.0	42.670580284	
203	1.0	42.5897076682	
203	1.0	42.3887888822	
203	1.0	43.0114538204	
203	1.0	42.8901176819	
203	1.0	42.9689607185	
203	1.0	43.066442846	
203	1.0	43.0567525636	
203	1.0	42.7196317126	
203	1.0	42.9169612035	
203	1.0	42.8860321698	
203	1.0	42.9171097435	
203	1.0	42.8542253728	
203	1.0	42.9177538274	
203	1.0	42.7392759455	
203	1.0	42.6256609569	
203	1.0	42.9169021049	
203	1.0	42.8585451068	
203	1.0	42.6600366149	
203	1.0	42.9616634851	
203	1.0	42.9745037263	
203	1.0	42.8893823978	
203	1.0	42.8880449489	
203	1.0	42.9169263472	
203	1.0	43.0202137144	
203	1.0	42.9337461747	
203	1.0	42.9218182882	
203	1.0	42.9585951166	
203	1.0	42.9461751928	
203	1.0	42.851967609	
203	1.0	42.9546499548	
203	1.0	43.0769424324	
203	1.0	42.6703909348	
203	1.0	42.8667891546	
203	1.0	42.9550511947	
203	1.0	42.8179488936	
203	1.0	42.9086838776	
203	1.0	42.6772433129	
203	1.0	42.9313363307	
203	1.0	42.9242846139	
203	1.0	42.9311384942	
203	1.0	42.7588660894	
203	1.0	42.498740138	
203	1.0	43.0765981106	
203	1.0	42.993162851	
203	1.0	42.8626800202	
203	1.0	42.9031064313	
203	1.0	43.008240192	
203	1.0	42.7448963997	
203	1.0	42.9907711669	
203	1.0	42.6980572103	
203	1.0	43.0459894343	
203	1.0	42.7609402329	
203	1.0	43.003720653	
203	1.0	42.8148553021	
203	1.0	42.6421311122	
203	1.0	42.8892672	
203	1.0	42.6597913361	
203	1.0	42.8945248535	
203	1.0	42.688611317	
203	1.0	42.6942207376	
203	1.0	42.7627625904	
203	1.0	42.476145273	
203	1.0	42.3749526835	
203	1.0	42.8793362922	
203	1.0	42.9457156034	
203	1.0	42.6722787559	
203	1.0	42.2010072763	
203	1.0	42.495781649	
203	1.0	42.9781863366	
203	1.0	43.0359412505	
203	1.0	42.9388379692	
203	1.0	42.7663266953	
203	1.0	42.8007240381	
203	1.0	42.8630780199	
203	1.0	42.9073194551	
203	1.0	42.89507873	
203	1.0	42.8042344586	
203	1.0	43.0291934423	
203	1.0	42.650994031	
203	1.0	42.6633350281	
203	1.0	42.3242021769	
203	1.0	42.5110755526	
203	1.0	43.0106623487	
203	1.0	42.7629462659	
203	1.0	42.7543678869	
203	1.0	42.8953040814	
203	1.0	42.8087540258	
203	0.0	-64.2631133726	
203	1.0	42.7511964057	
203	1.0	42.9441427993	
203	1.0	42.910918779	
203	1.0	42.8733178249	
203	1.0	42.8075689556	
203	1.0	42.4381960825	
203	1.0	43.0058803066	
203	1.0	42.978099624	
203	1.0	42.8563884313	
203	1.0	43.0081684372	
203	1.0	42.8029761773	
203	1.0	42.8345936855	
203	1.0	42.8717355844	
203	1.0	42.5414664155	
203	1.0	42.9175907521	
203	0.0	-64.6743208288	
203	1.0	42.99582113	
203	1.0	42.6003373736	
203	1.0	42.4841981715	
203	1.0	42.9761305027	
203	1.0	42.8000187811	
203	1.0	42.7479587217	
203	1.0	42.6745391466	
203	1.0	42.9240198772	
203	1.0	42.7641527277	
203	1.0	43.0255537085	
203	1.0	42.9335143641	
203	1.0	42.996378141	
203	1.0	42.3939220175	
203	1.0	42.7996083515	
203	1.0	42.3262345209	
203	1.0	42.869580526	
203	1.0	42.880145799	
203	1.0	43.0133165301	
203	1.0	42.972731439	
203	0.0	-65.0089202874	
203	1.0	42.4744968289	
203	1.0	42.6742449169	
203	1.0	42.8914170542	
203	1.0	43.0652107377	
203	1.0	43.0879658612	
203	1.0	42.6552531425	
203	1.0	42.8965905303	
203	1.0	42.8309824068	
203	1.0	42.1567139331	
203	1.0	42.6464442839	
203	1.0	42.6572043551	
203	1.0	42.9712390471	
203	1.0	42.8305109871	
203	0.0	-63.833381861	
203	1.0	42.0754279249	
203	1.0	42.57002061	
203	1.0	42.9317881582	
203	1.0	42.5944306738	
203	1.0	42.9975357997	
203	1.0	42.929599291	
203	1.0	42.6610226159	
203	1.0	42.8846949279	
203	1.0	42.5079515766	
203	1.0	42.9608781352	
203	1.0	42.620900875	
203	1.0	43.0866514971	
203	1.0	42.9621345444	
203	1.0	42.5432585612	
203	1.0	42.7214434805	
203	0.0	-64.3215700255	
203	1.0	42.8652488656	
203	1.0	42.998088055	
203	1.0	42.8765710827	
203	1.0	42.7363429669	
203	1.0	42.8002855416	
203	1.0	42.6816084094	
203	1.0	42.8712789461	
203	1.0	42.9631159456	
203	1.0	42.4649311682	
203	1.0	42.9428799786	
203	1.0	42.818380104	
203	1.0	42.8566161054	
203	1.0	42.6820947683	
203	1.0	42.7143546134	
203	1.0	42.9132539218	
203	0.0	-63.6617826107	
203	1.0	42.853305896	
203	1.0	42.8251671728	
203	1.0	42.9259938549	
203	1.0	42.8979645575	
203	1.0	42.7653633602	
203	1.0	42.6927623815	
203	1.0	42.8434259917	
203	1.0	42.7668900558	
203	0.0	-64.6898076785	
203	1.0	42.7660191729	
203	1.0	42.7237981057	
203	1.0	42.7594569201	
203	1.0	42.890583281	
203	1.0	42.6234687547	
203	1.0	42.8209173282	
203	1.0	42.7169534049	
203	1.0	42.8308496811	
203	1.0	42.8827611166	
203	1.0	42.362278363	
203	0.0	-64.3144405459	
203	1.0	43.0377682121	
203	1.0	43.0277171451	
203	1.0	42.9242801683	
203	1.0	42.4781709348	
203	0.0	-63.8735357597	
203	1.0	43.0237901828	
203	1.0	42.4241497546	
203	1.0	42.9560181388	
203	1.0	42.8449306321	
203	1.0	42.9549702274	
203	1.0	42.9572421397	
203	1.0	42.8092275576	
203	1.0	42.5666922613	
203	0.0	-64.24022811	
203	0.0	-65.8851132316	
203	1.0	42.6561514348	
203	1.0	42.8688763987	
203	0.0	-64.5618226959	
203	1.0	42.9298788327	
203	1.0	42.890914993	
203	1.0	42.8925284931	
203	1.0	42.7495043721	
203	1.0	42.7258830413	
203	1.0	42.534413371	
203	1.0	42.8881123232	
203	1.0	43.0421459122	
203	1.0	42.7512415256	
203	1.0	42.744981574	
203	1.0	42.8659846817	
203	0.0	-64.0820328854	
203	0.0	-65.0555588449	
203	1.0	42.7435215375	
203	1.0	42.6654137294	
203	1.0	42.2485334758	
203	1.0	42.3637676423	
203	0.0	-64.3443764243	
203	1.0	42.864135871	
203	1.0	42.2390975744	
203	1.0	43.0779882139	
203	1.0	42.8114219027	
203	1.0	42.9288547054	
203	1.0	42.7137039219	
203	1.0	42.6860937878	
203	1.0	42.789551683	
203	1.0	42.9465635131	
203	1.0	43.0751616695	
203	1.0	42.9540459944	
203	1.0	42.5675578323	
203	1.0	42.7625449174	
203	1.0	43.0005903463	
203	0.0	-66.6732542201	
203	1.0	42.9989541495	
203	1.0	42.8454747833	
203	1.0	42.4343553405	
203	1.0	42.9029017749	
203	1.0	42.7541187996	
203	0.0	-64.1782778733	
203	1.0	42.8955725251	
203	1.0	42.7568843981	
203	1.0	42.7543205097	
203	1.0	42.7340386253	
203	1.0	42.4370643292	
203	1.0	42.5560977899	
203	1.0	42.9402272134	
203	1.0	43.0141890308	
203	1.0	42.9182190803	
203	1.0	42.9972131875	
203	1.0	42.6789239993	
203	1.0	42.9828532164	
203	1.0	42.9992081543	
203	1.0	42.6684752093	
203	1.0	42.5611315691	
203	1.0	42.7811983629	
203	1.0	42.82728994	
203	1.0	42.861611482	
203	1.0	43.1071987033	
203	1.0	42.7439766803	
203	1.0	42.8867886659	
203	1.0	42.8438628513	
203	1.0	42.9695801086	
203	1.0	42.7159997315	
203	1.0	42.9759462736	
203	1.0	42.7237422893	
203	1.0	42.962753649	
203	1.0	42.7050685781	
203	1.0	42.8382283445	
203	1.0	42.8074024798	
203	1.0	42.8479479326	
203	1.0	43.0547522469	
203	0.0	-63.2832752343	
203	1.0	42.9723207211	
203	1.0	42.8196539986	
203	1.0	42.5350468164	
203	1.0	42.9696655405	
203	1.0	42.5130303744	
203	1.0	42.673157752	
203	1.0	42.6440137265	
203	1.0	42.4191308536	
203	1.0	42.8457204377	
203	1.0	42.9667252765	
203	1.0	42.8476874276	
203	1.0	42.9477054305	
203	1.0	42.6224712416	
203	1.0	42.5655075684	
203	1.0	42.8914014391	
203	1.0	42.9724700387	
203	1.0	42.9677732994	
203	1.0	42.6115860964	
203	1.0	42.8367947216	
203	1.0	42.5809542026	
203	1.0	42.5909619066	
203	1.0	42.6543238322	
203	1.0	42.7218781171	
203	1.0	42.8578718318	
203	1.0	42.7569115812	
203	1.0	42.9039928932	
203	1.0	42.4689057828	
203	1.0	42.8321907583	
203	1.0	42.6199872738	
203	1.0	42.5709435287	
203	0.0	-65.1624134101	
203	1.0	42.5028290805	
203	0.0	-64.0926716912	
203	1.0	42.9657204435	
203	1.0	42.82673561	
203	1.0	42.6696197487	
203	1.0	42.7120436216	
203	1.0	42.4279929085	
203	1.0	42.8523159113	
203	1.0	43.044649773	
203	1.0	42.8740557645	
203	1.0	42.997545365	
203	1.0	42.7987497764	
203	1.0	42.9981533478	
203	1.0	42.8367187765	
203	1.0	43.0555283937	
203	1.0	42.8884229412	
203	1.0	42.9320979475	
203	1.0	42.8885349691	
203	1.0	42.8821736907	
203	1.0	42.496484534	
203	1.0	42.8321146655	
203	0.0	-65.7698930021	
203	1.0	42.8314512095	
203	0.0	-64.0772285434	
203	1.0	42.9561117055	
203	1.0	42.9253747539	
203	1.0	42.6810247012	
203	1.0	42.7199328184	
203	1.0	42.8425173186	
203	1.0	42.9928816425	
203	1.0	42.7634096286	
203	1.0	42.8374852608	
203	1.0	42.9685561264	
203	1.0	42.9756070162	
203	1.0	42.63536841	
203	1.0	42.6352483266	
203	0.0	-63.6261497849	
203	0.0	-64.7335854321	
203	1.0	43.1070397718	
203	1.0	43.0058561679	
203	1.0	42.9779785557	
203	1.0	43.1176264501	
203	1.0	42.8563683729	
203	1.0	43.0262673435	
203	1.0	42.6171364699	
203	1.0	42.9800083448	
203	1.0	42.9974061287	
203	1.0	42.7393699134	
203	1.0	42.7746871993	
203	1.0	42.8380623544	
203	1.0	43.0767746737	
203	1.0	43.0538010456	
203	1.0	42.8621843738	
203	1.0	43.0084086575	
203	1.0	42.4053000427	
203	1.0	42.5658011591	
203	1.0	42.840290535	
203	1.0	42.8905331826	
203	1.0	42.7658582213	
203	0.0	-63.8677591045	
203	1.0	42.964289578	
203	1.0	42.691736335	
203	1.0	42.5589515119	
203	1.0	42.9808664098	
203	1.0	42.7783471927	
203	1.0	42.9411331206	
203	1.0	42.7797607348	
203	1.0	42.3867229668	
203	1.0	42.9716571479	
203	1.0	42.9397103593	
203	1.0	43.0368551902	
203	1.0	42.4860786734	
203	1.0	42.9219935879	
203	1.0	42.7010152676	
203	1.0	42.9406297425	
203	1.0	42.9463300883	
203	1.0	42.6848451716	
203	1.0	42.7708561779	
203	1.0	42.8877971762	
203	1.0	42.8958990067	
203	1.0	42.238053345	
203	1.0	42.9976018608	
203	1.0	42.1838418799	
203	1.0	42.7988838717	
203	1.0	42.5225421101	
203	1.0	42.7746286051	
203	1.0	42.1910466506	
203	1.0	43.0263813183	
203	1.0	42.8921787481	
203	1.0	42.5922221527	
203	1.0	43.0074153419	
203	1.0	42.9602059823	
203	1.0	43.0683370304	
203	1.0	42.8409080507	
203	1.0	42.787022622	
203	1.0	43.0697092427	
203	1.0	42.8520173363	
203	1.0	42.6347452067	
203	1.0	43.0033834413	
203	1.0	42.8555755654	
203	1.0	42.7157081987	
203	1.0	42.9888775703	
203	1.0	42.5687115254	
203	1.0	42.8496695525	
203	1.0	43.0852438226	
203	1.0	42.8420819071	
203	1.0	42.9042510725	
203	1.0	42.880761153	
203	1.0	42.9119744242	
203	1.0	42.8712103219	
203	1.0	42.906451996	
203	1.0	42.6710638299	
203	1.0	42.5775578556	
203	1.0	42.8801044785	
203	1.0	42.5742774296	
203	1.0	42.7751947797	
203	1.0	42.931208031	
203	1.0	42.9416641762	
203	1.0	42.8340776266	
203	1.0	42.3364873276	
203	1.0	42.7366795044	
203	1.0	42.6790334209	
203	1.0	42.9833477139	
203	1.0	42.4807827638	
203	1.0	42.8905719414	
203	1.0	42.5549111033	
203	1.0	42.6489877697	
203	0.0	-65.6344983232	
203	1.0	42.7640807265	
203	1.0	42.916387831	
203	1.0	42.9406319876	
203	1.0	42.6432120691	
203	1.0	42.8564703874	
203	1.0	43.0469233561	
203	1.0	42.9126527271	
203	1.0	42.6316632892	
203	1.0	42.4887827246	
203	1.0	42.3676937134	
203	1.0	42.915919787	
203	1.0	42.956833344	
203	1.0	42.8601810439	
203	1.0	42.9289583961	
203	1.0	42.7276697131	
203	1.0	42.9259133303	
203	0.0	-65.192313355	
203	1.0	42.7896690675	
203	1.0	42.6482783373	
203	1.0	42.9171981032	
203	1.0	42.9939890299	
203	1.0	42.4608361074	
203	1.0	42.8483019	
203	1.0	42.9448712425	
203	1.0	42.9401124938	
203	1.0	42.7290775081	
203	1.0	42.9735250389	
203	1.0	42.7577648186	
203	1.0	42.826599364	
203	1.0	42.9797112847	
203	1.0	42.5758751284	
203	1.0	42.8780502028	
203	1.0	42.9315722666	
203	1.0	42.7140490512	
203	1.0	43.0129483709	
203	1.0	42.8825894814	
203	1.0	42.4661680262	
203	1.0	42.4774695987	
203	1.0	42.8357955442	
203	0.0	-65.6925146092	
203	1.0	43.0749667733	
203	0.0	-63.7936931861	
203	0.0	-65.6460562521	
203	1.0	42.6615371117	
203	1.0	42.4819147651	
203	1.0	42.825274193	
203	1.0	42.1906885573	
203	1.0	42.8567785345	
203	1.0	42.7676825002	
203	1.0	42.9493967253	
203	1.0	42.2340648257	
203	1.0	42.9766236378	
203	1.0	42.8636209719	
203	1.0	42.5623701274	
203	1.0	42.6325330764	
203	1.0	42.9113242248	
203	1.0	43.0192920227	
203	1.0	42.9217293061	
203	1.0	42.8402957022	
203	1.0	42.7280638725	
203	0.0	-65.0115641108	
203	1.0	42.7273293796	
203	1.0	42.9565944727	
203	1.0	43.074755612	
203	1.0	42.6376528213	
203	0.0	-65.6716224383	
203	1.0	42.7806575749	
203	1.0	42.9194359475	
203	1.0	42.7793116994	
203	1.0	42.3212530502	
203	1.0	42.9100136631	
203	0.0	-65.2166919536	
203	1.0	43.0745028557	
203	1.0	42.7444651891	
203	1.0	42.9053657884	
203	1.0	42.8900972791	
203	1.0	42.8039722619	
203	1.0	42.8882275725	
203	1.0	42.987333622	
203	1.0	42.9499365594	
203	1.0	42.9216736116	
203	1.0	42.762775715	
203	1.0	42.8124324474	
203	1.0	42.8794420287	
203	1.0	42.0854869178	
203	1.0	43.0231688272	
203	1.0	42.9130498381	
203	1.0	42.9484904224	
203	1.0	42.9430973167	
203	1.0	42.8543890922	
203	1.0	42.78123367	
203	1.0	42.7915201948	
203	1.0	42.6122174887	
203	1.0	42.5947617921	
203	1.0	42.8583978285	
203	1.0	42.8673068314	
203	1.0	42.9108023353	
203	1.0	42.8710777756	
203	1.0	42.4717228313	
203	1.0	42.7709884985	
203	1.0	42.832263904	
203	1.0	42.8166314825	
203	1.0	42.7362487387	
203	1.0	42.4667032615	
203	1.0	42.8776941321	
203	1.0	43.043310121	
203	1.0	42.4635215977	
203	1.0	42.7106147051	
203	1.0	42.3595171793	
203	1.0	42.9876505028	
203	1.0	42.8172573905	
203	1.0	42.7497103016	
203	1.0	42.9757195711	
203	1.0	42.3553248451	
203	1.0	42.5324850245	
203	0.0	-65.3272867229	
203	1.0	42.8327665488	
203	1.0	42.810135216	
203	1.0	42.6821828974	
203	1.0	42.9689626054	
203	1.0	42.7652819229	
203	1.0	42.7207834518	
203	1.0	42.7869574037	
203	1.0	42.8057449112	
203	1.0	42.7013661061	
203	1.0	43.0159661808	
203	1.0	42.4863518802	
203	1.0	43.0457531847	
203	1.0	42.8624657286	
203	1.0	42.878636504	
203	1.0	42.4500446423	
203	1.0	42.6249201784	
203	1.0	42.8093827569	
203	1.0	42.8623449494	
203	1.0	42.9750001462	
203	1.0	42.9591388947	
203	1.0	43.0577371615	
203	0.0	-66.1624996971	
203	1.0	42.6876305669	
203	0.0	-63.0622745899	
203	1.0	42.6249383216	
203	1.0	42.5396597039	
203	1.0	42.9818166396	
203	1.0	42.611798006	
203	1.0	43.0480672812	
203	1.0	42.3635137004	
203	1.0	42.6822957481	
203	1.0	43.0166220797	
203	1.0	42.8240812858	
203	1.0	42.7980624166	
203	1.0	42.9815581895	
203	1.0	43.0469351309	
203	0.0	-65.3975690332	
203	1.0	42.7600600665	
203	1.0	42.9572138718	
203	1.0	42.4281145278	
203	1.0	42.8228599668	
203	1.0	42.8739969661	
203	1.0	42.7962448544	
203	1.0	42.8634017609	
203	1.0	42.4863452627	
203	1.0	43.0072241646	
203	1.0	42.7345259631	
203	1.0	42.9763998333	
203	1.0	42.9659719634	
203	1.0	42.9525733842	
203	1.0	42.9266737751	
203	1.0	42.8306458007	
203	1.0	42.6734439339	
203	1.0	42.8133469882	
203	1.0	42.7292626049	
203	1.0	42.9318473496	
203	1.0	42.6828889564	
203	1.0	42.874370647	
203	1.0	42.6819869078	
203	1.0	42.9309749404	
203	1.0	42.4371850382	
203	1.0	42.8325780766	
203	1.0	42.9496241043	
203	1.0	42.9426452176	
203	1.0	42.487322464	
203	1.0	42.9710352316	
203	1.0	42.5169688077	
203	1.0	42.7318196804	
203	1.0	43.0639553398	
203	1.0	42.8286741726	
203	1.0	42.8149288642	
203	1.0	42.123350021	
203	1.0	43.073495354	
203	0.0	-64.1476482765	
203	1.0	42.7716614311	
203	1.0	42.8348914074	
203	1.0	42.8781289486	
203	1.0	43.0145457834	
203	1.0	42.8799711417	
203	1.0	42.6701084894	
203	1.0	42.9824080733	
203	1.0	42.8159312308	
203	1.0	42.8305132914	
203	1.0	42.5781748653	
203	1.0	42.9175382848	
203	1.0	42.8865548811	
203	1.0	41.9795499828	
203	1.0	42.6109256002	
203	1.0	42.8428464311	
203	1.0	42.7426336255	
203	0.0	-65.085382166	
203	1.0	42.8687400574	
203	1.0	42.9844584539	
203	1.0	42.5885164904	
203	1.0	42.8190506293	
203	1.0	42.5379928006	
203	1.0	42.8886329449	
203	1.0	42.898564691	
203	1.0	43.043849376	
203	1.0	42.9641516651	
203	1.0	42.3406001143	
203	1.0	43.0692332655	
203	1.0	42.6860774317	
203	1.0	42.4236090794	
203	1.0	42.7816498011	
203	0.0	-64.0647314082	
203	1.0	42.9466780421	
203	0.0	-65.7414526051	
203	1.0	42.5604044871	
203	1.0	42.8455258603	
203	1.0	43.0207580639	
203	1.0	42.9152723796	
203	1.0	42.8227036204	
203	1.0	42.2189487557	
203	1.0	42.4711513477	
203	1.0	42.5452109171	
203	1.0	42.9124223738	
203	1.0	42.510404113	
203	1.0	42.9539945272	
203	1.0	42.6849085141	
203	0.0	-65.9396436024	
203	1.0	42.8315696365	
203	1.0	42.8950221625	
203	1.0	43.0049956578	
203	0.0	-64.6348909508	
203	1.0	43.0048876446	
203	1.0	42.4695333821	
203	1.0	42.9444197036	
203	1.0	42.709947778	
203	1.0	42.8758450605	
203	1.0	42.3183577556	
203	1.0	43.0038260327	
203	1.0	42.7756507833	
203	1.0	42.8882475078	
203	1.0	42.9091471354	
203	1.0	42.7535151017	
203	1.0	42.9933643469	
203	1.0	43.047438104	
203	1.0	42.8580602117	
203	1.0	42.7257934009	
203	1.0	42.7126645548	
203	1.0	42.7357281822	
203	1.0	42.8935572494	
203	1.0	42.5647707839	
203	0.0	-65.8293675903	
203	1.0	42.5962192696	
203	1.0	43.0006624127	
203	1.0	42.972507958	
203	1.0	42.7450232395	
203	1.0	43.0143934932	
203	0.0	-65.0566177252	
203	1.0	42.975279283	
203	1.0	42.6657864327	
203	1.0	43.059654907	
203	1.0	43.0782943673	
203	1.0	42.9670722594	
203	1.0	42.6641581307	
203	0.0	-63.4032883968	
203	1.0	42.745091502	
203	1.0	42.8193567815	
203	1.0	43.0118602176	
203	1.0	42.4911607196	
203	1.0	43.0033357422	
203	0.0	-65.0765623873	
203	1.0	42.2991956347	
203	1.0	42.8450663138	
203	1.0	42.5114162366	
203	1.0	43.0447314834	
203	0.0	-66.7269112014	
203	1.0	42.905255578	
203	1.0	42.6122961588	
203	1.0	42.8780430177	
203	1.0	42.2671198921	
203	0.0	-65.8565213719	
203	1.0	42.5952461891	
203	1.0	42.7591250014	
203	1.0	43.0364359075	
203	1.0	42.9344838631	
203	1.0	42.9354844505	
203	1.0	42.7794657338	
203	0.0	-65.7718190475	
203	1.0	42.7788366292	
203	1.0	42.974743769	
203	1.0	42.824208887	
203	0.0	-65.5200189546	
203	1.0	42.9013799798	
203	1.0	42.9880897092	
203	1.0	42.6121324008	
203	1.0	42.8877239136	
203	0.0	-63.8655374215	
203	1.0	42.7210476563	
203	1.0	42.8862213923	
203	1.0	42.9097566576	
203	1.0	42.7773243669	
203	1.0	42.6637078214	
203	1.0	42.8003999015	
203	1.0	42.9972829042	
203	1.0	42.9804660803	
203	1.0	42.8672858749	
203	1.0	42.4840281396	
203	1.0	42.6201419969	
203	0.0	-65.0777555485	
203	1.0	42.9959975522	
203	0.0	-64.7655396003	
203	1.0	42.5699036161	
203	1.0	43.0363750829	
203	1.0	42.8865573881	
203	0.0	-64.1680901268	
203	1.0	42.812568755	
203	1.0	42.8985103024	
203	1.0	42.7960997632	
203	1.0	42.8072782157	
203	1.0	42.8432902857	
203	1.0	42.7925853	
203	1.0	42.7183295221	
203	1.0	42.8106572657	
203	1.0	42.8858132191	
203	1.0	42.8448824006	
203	1.0	42.8107092362	
203	1.0	42.7345626866	
203	1.0	42.8581820557	
203	1.0	42.8094221298	
203	1.0	42.90890108	
203	1.0	42.4049908935	
203	1.0	42.9217511444	
203	0.0	-64.593619227	
203	1.0	42.72533049	
203	0.0	-65.7519556769	
203	1.0	42.8854689311	
203	1.0	42.960707503	
203	1.0	42.5749930612	
203	0.0	-65.6573705169	
203	1.0	42.7654730026	
203	1.0	42.9008930178	
203	1.0	43.0098399255	
203	1.0	42.8410329344	
203	1.0	42.7974843372	
203	1.0	42.9196316025	
203	1.0	42.985900663	
203	1.0	42.8002741718	
203	1.0	42.1811908888	
203	1.0	42.742728981	
203	1.0	42.9432813782	
203	1.0	42.6395788155	
203	1.0	42.5070074772	
203	1.0	42.9085964598	
203	1.0	43.0809179847	
203	1.0	42.9041249062	
203	1.0	43.0411127433	
203	1.0	43.0473382958	
203	1.0	42.8852873978	
203	1.0	42.4810075443	
203	1.0	42.8915732144	
203	1.0	42.7461002985	
203	1.0	42.9539135003	
203	1.0	43.0017340154	
203	1.0	42.6814873681	
203	1.0	43.0355625738	
203	1.0	42.7721195954	
203	1.0	42.9348253599	
203	0.0	-66.6575128567	
203	1.0	42.8242208147	
203	1.0	42.9806009074	
203	1.0	42.9239298233	
203	1.0	42.7910575903	
203	1.0	42.9787369876	
203	1.0	42.6052242545	
203	1.0	42.8605779984	
203	1.0	42.6047513723	
203	1.0	42.6635964375	
203	1.0	42.9097753233	
203	1.0	42.8579431133	
203	1.0	42.7823915832	
203	1.0	42.940957149	
203	1.0	42.7476194492	
203	1.0	42.9005515266	
203	1.0	42.8945418829	
203	1.0	42.8896532476	
203	1.0	42.2005459572	
203	1.0	42.5924580796	
203	1.0	42.8778738942	
203	1.0	42.9141663584	
203	1.0	42.9486875731	
203	0.0	-65.5021838783	
203	1.0	42.5787507947	
203	1.0	42.9337090916	
203	1.0	42.9439788209	
203	1.0	42.9243343921	
203	1.0	42.9884929212	
203	1.0	42.8430394981	
203	1.0	42.8374075937	
203	1.0	42.3205645695	
203	1.0	42.6610227993	
203	1.0	42.8639912855	
203	1.0	42.5343724935	
203	1.0	42.9822243071	
203	1.0	42.7905200924	
203	1.0	42.7440295518	
203	1.0	42.9684783834	
203	1.0	42.7949052739	
203	1.0	42.8638483985	
203	1.0	42.8866824822	
203	1.0	43.0101624145	
203	1.0	42.6464760746	
203	0.0	-65.4640394568	
203	1.0	42.6987353079	
203	1.0	42.9485004341	
203	0.0	-65.9984769797	
203	1.0	43.0206431883	
203	1.0	42.7406539984	
203	1.0	42.7599741182	
203	1.0	42.8377531755	
203	1.0	42.8314326068	
203	1.0	42.9237026035	
203	1.0	42.8485611716	
203	1.0	42.8266098504	
203	1.0	42.876345384	
203	1.0	42.9270075233	
203	1.0	42.6802781064	
203	1.0	42.5612498738	
203	1.0	42.8411979967	
203	1.0	42.40022647	
203	1.0	42.9009388028	
203	1.0	42.9152671453	
203	1.0	42.8635401931	
203	1.0	43.0498348897	
203	1.0	43.006374213	
203	1.0	42.9401897313	
203	0.0	-64.3033007787	
203	1.0	43.0558047582	
203	1.0	42.8940460989	
203	1.0	43.0498802766	
203	1.0	42.9846020489	
203	1.0	42.7839784655	
203	1.0	43.0001913829	
203	1.0	42.9233496186	
203	1.0	43.0084767249	
203	1.0	43.0151230322	
203	1.0	42.7267410303	
203	1.0	42.8851912516	
203	1.0	42.4065974307	
203	1.0	42.37094674	
203	1.0	42.7354616117	
203	1.0	42.6676323978	
203	1.0	42.6523447541	
203	1.0	42.9442324551	
203	1.0	42.9618343616	
203	1.0	42.6631323491	
203	1.0	42.3240352049	
203	1.0	42.9452591377	
203	1.0	42.9096199044	
203	1.0	42.862881145	
203	1.0	42.7652650564	
203	1.0	42.8528621089	
203	0.0	-65.6217584706	
203	1.0	42.6540949812	
203	1.0	42.9912324505	
203	1.0	43.0564661124	
203	1.0	42.7789615938	
203	1.0	43.0023308735	
203	1.0	42.9120890286	
203	1.0	42.8225400178	
203	0.0	-63.9192793153	
203	1.0	42.8406300325	
203	1.0	42.4867668633	
203	1.0	43.0064765195	
203	1.0	43.0722486108	
203	1.0	42.9460875943	
203	0.0	-65.5940157553	
203	1.0	42.8279547156	
203	1.0	42.8172055661	
203	1.0	43.0222345559	
203	1.0	42.963479065	
203	1.0	42.3958695133	
203	1.0	42.3862136016	
203	1.0	43.0626655671	
203	0.0	-64.9460542702	
203	1.0	42.8121392481	
203	0.0	-64.2054644144	
203	1.0	42.9620701055	
