label:v(.5)
2001 2
0.2	-72.462
0.4	-72.464
0.6	-72.473
0.8	-72.471
1	-72.472
1.2	-72.472
1.4	-72.464
1.6	-72.468
1.8	-72.473
2	-72.472
2.2	-72.463
2.4	-72.469
2.6	-72.469
2.8	-72.47
3	-72.47
3.2	-72.468
3.4	-72.469
3.6	-72.471
3.8	-72.467
4	-72.468
4.2	-72.462
4.4	-72.466
4.6	-72.47
4.8	-72.471
5	-72.478
5.2	-72.481
5.4	-72.483
5.6	-72.481
5.8	-72.478
6	-72.482
6.2	-72.474
6.4	-72.472
6.6	-72.47
6.8	-72.468
7	-72.465
7.2	-72.467
7.4	-72.469
7.6	-72.469
7.8	-72.472
8	-72.472
8.2	-72.478
8.4	-72.478
8.6	-72.484
8.8	-72.487
9	-72.485
9.2	-72.478
9.4	-72.476
9.6	-72.481
9.8	-72.478
10	-72.478
10.2	-72.48
10.4	-72.475
10.6	-72.478
10.8	-72.476
11	-72.47
11.2	-72.475
11.4	-72.479
11.6	-72.483
11.8	-72.48
12	-72.48
12.2	-72.485
12.4	-72.485
12.6	-72.485
12.8	-72.486
13	-72.484
13.2	-72.49
13.4	-72.497
13.6	-72.495
13.8	-72.497
14	-72.5
14.2	-72.496
14.4	-72.489
14.6	-72.489
14.8	-72.484
15	-72.479
15.2	-72.476
15.4	-72.476
15.6	-72.474
15.8	-72.473
16	-72.48
16.2	-72.486
16.4	-72.48
16.6	-72.48
16.8	-72.48
17	-72.479
17.2	-72.477
17.4	-72.476
17.6	-72.478
17.8	-72.48
18	-72.48
18.2	-72.477
18.4	-72.474
18.6	-72.473
18.8	-72.472
19	-72.474
19.2	-72.479
19.4	-72.478
19.6	-72.473
19.8	-72.474
20	-72.477
20.2	-72.479
20.4	-72.484
20.6	-72.484
20.8	-72.48
21	-72.483
21.2	-72.486
21.4	-72.493
21.6	-72.496
21.8	-72.501
22	-72.503
22.2	-72.504
22.4	-72.502
22.6	-72.493
22.8	-72.494
23	-72.492
23.2	-72.49
23.4	-72.485
23.6	-72.486
23.8	-72.488
24	-72.485
24.2	-72.484
24.4	-72.491
24.6	-72.496
24.8	-72.502
25	-72.501
25.2	-72.504
25.4	-72.498
25.6	-72.497
25.8	-72.497
26	-72.495
26.2	-72.49
26.4	-72.493
26.6	-72.494
26.8	-72.49
27	-72.496
27.2	-72.493
27.4	-72.495
27.6	-72.494
27.8	-72.493
28	-72.489
28.2	-72.49
28.4	-72.486
28.6	-72.483
28.8	-72.484
29	-72.484
29.2	-72.483
29.4	-72.488
29.6	-72.488
29.8	-72.493
30	-72.493
30.2	-72.49
30.4	-72.493
30.6	-72.496
30.8	-72.497
31	-72.503
31.2	-72.5
31.4	-72.495
31.6	-72.494
31.8	-72.488
32	-72.494
32.2	-72.488
32.4	-72.496
32.6	-72.501
32.8	-72.501
33	-72.499
33.2	-72.5
33.4	-72.501
33.6	-72.499
33.8	-72.496
34	-72.495
34.2	-72.5
34.4	-72.491
34.6	-72.496
34.8	-72.494
35	-72.492
35.2	-72.49
35.4	-72.495
35.6	-72.497
35.8	-72.5
36	-72.501
36.2	-72.503
36.4	-72.504
36.6	-72.502
36.8	-72.505
37	-72.507
37.2	-72.5
37.4	-72.498
37.6	-72.499
37.8	-72.505
38	-72.506
38.2	-72.505
38.4	-72.513
38.6	-72.512
38.8	-72.517
39	-72.512
39.2	-72.51
39.4	-72.511
39.6	-72.511
39.8	-72.504
40	-72.505
40.2	-72.507
40.4	-72.508
40.6	-72.508
40.8	-72.505
41	-72.51
41.2	-72.506
41.4	-72.503
41.6	-72.506
41.8	-72.506
42	-72.507
42.2	-72.509
42.4	-72.508
42.6	-72.498
42.8	-72.503
43	-72.499
43.2	-72.502
43.4	-72.504
43.6	-72.504
43.8	-72.512
44	-72.512
44.2	-72.515
44.4	-72.514
44.6	-72.512
44.8	-72.514
45	-72.507
45.2	-72.499
45.4	-72.489
45.6	-72.496
45.8	-72.499
46	-72.504
46.2	-72.506
46.4	-72.508
46.6	-72.51
46.8	-72.516
47	-72.515
47.2	-72.51
47.4	-72.509
47.6	-72.505
47.8	-72.5
48	-72.499
48.2	-72.493
48.4	-72.495
48.6	-72.5
48.8	-72.497
49	-72.502
49.2	-72.502
49.4	-72.51
49.6	-72.513
49.8	-72.513
50	-72.511
50.2	-72.512
50.4	-72.513
50.6	-72.516
50.8	-72.511
51	-72.517
51.2	-72.522
51.4	-72.523
51.6	-72.519
51.8	-72.516
52	-72.521
52.2	-72.52
52.4	-72.522
52.6	-72.52
52.8	-72.522
53	-72.524
53.2	-72.513
53.4	-72.51
53.6	-72.51
53.8	-72.509
54	-72.512
54.2	-72.515
54.4	-72.513
54.6	-72.512
54.8	-72.519
55	-72.525
55.2	-72.515
55.4	-72.516
55.6	-72.519
55.8	-72.51
56	-72.507
56.2	-72.504
56.4	-72.497
56.6	-72.497
56.8	-72.503
57	-72.507
57.2	-72.498
57.4	-72.503
57.6	-72.505
57.8	-72.509
58	-72.505
58.2	-72.502
58.4	-72.495
58.6	-72.499
58.8	-72.5
59	-72.499
59.2	-72.501
59.4	-72.504
59.6	-72.504
59.8	-72.503
60	-72.503
60.2	-72.505
60.4	-72.503
60.6	-72.506
60.8	-72.506
61	-72.5
61.2	-72.503
61.4	-72.498
61.6	-72.504
61.8	-72.504
62	-72.504
62.2	-72.503
62.4	-72.5
62.6	-72.503
62.8	-72.512
63	-72.512
63.2	-72.516
63.4	-72.515
63.6	-72.519
63.8	-72.519
64	-72.516
64.2	-72.508
64.4	-72.508
64.6	-72.51
64.8	-72.503
65	-72.501
65.2	-72.499
65.4	-72.494
65.6	-72.492
65.8	-72.492
66	-72.491
66.2	-72.49
66.4	-72.487
66.6	-72.482
66.8	-72.484
67	-72.487
67.2	-72.484
67.4	-72.482
67.6	-72.485
67.8	-72.485
68	-72.486
68.2	-72.481
68.4	-72.478
68.6	-72.478
68.8	-72.48
69	-72.471
69.2	-72.464
69.4	-72.464
69.6	-72.472
69.8	-72.477
70	-72.472
70.2	-72.473
70.4	-72.469
70.6	-72.478
70.8	-72.48
71	-72.484
71.2	-72.488
71.4	-72.496
71.6	-72.493
71.8	-72.493
72	-72.491
72.2	-72.488
72.4	-72.487
72.6	-72.489
72.8	-72.484
73	-72.481
73.2	-72.485
73.4	-72.482
73.6	-72.49
73.8	-72.495
74	-72.496
74.2	-72.499
74.4	-72.497
74.6	-72.495
74.8	-72.489
75	-72.486
75.2	-72.481
75.4	-72.478
75.6	-72.478
75.8	-72.48
76	-72.482
76.2	-72.487
76.4	-72.484
76.6	-72.48
76.8	-72.482
77	-72.485
77.2	-72.481
77.4	-72.485
77.6	-72.483
77.8	-72.478
78	-72.474
78.2	-72.474
78.4	-72.473
78.6	-72.471
78.8	-72.474
79	-72.475
79.2	-72.481
79.4	-72.482
79.6	-72.485
79.8	-72.484
80	-72.489
80.2	-72.484
80.4	-72.488
80.6	-72.486
80.8	-72.481
81	-72.47
81.2	-72.464
81.4	-72.47
81.6	-72.47
81.8	-72.476
82	-72.474
82.2	-72.47
82.4	-72.476
82.6	-72.475
82.8	-72.481
83	-72.477
83.2	-72.475
83.4	-72.475
83.6	-72.474
83.8	-72.469
84	-72.464
84.2	-72.463
84.4	-72.472
84.6	-72.475
84.8	-72.469
85	-72.481
85.2	-72.48
85.4	-72.481
85.6	-72.486
85.8	-72.484
86	-72.48
86.2	-72.484
86.4	-72.488
86.6	-72.483
86.8	-72.486
87	-72.486
87.2	-72.487
87.4	-72.491
87.6	-72.496
87.8	-72.494
88	-72.499
88.2	-72.498
88.4	-72.499
88.6	-72.498
88.8	-72.503
89	-72.503
89.2	-72.501
89.4	-72.494
89.6	-72.505
89.8	-72.505
90	-72.505
90.2	-72.505
90.4	-72.511
90.6	-72.508
90.8	-72.514
91	-72.518
91.2	-72.522
91.4	-72.516
91.6	-72.516
91.8	-72.52
92	-72.51
92.2	-72.511
92.4	-72.509
92.6	-72.513
92.8	-72.52
93	-72.518
93.2	-72.516
93.4	-72.515
93.6	-72.508
93.8	-72.504
94	-72.502
94.2	-72.498
94.4	-72.494
94.6	-72.493
94.8	-72.487
95	-72.485
95.2	-72.489
95.4	-72.483
95.6	-72.488
95.8	-72.486
96	-72.489
96.2	-72.491
96.4	-72.488
96.6	-72.485
96.8	-72.486
97	-72.485
97.2	-72.491
97.4	-72.492
97.6	-72.483
97.8	-72.48
98	-72.484
98.2	-72.483
98.4	-72.482
98.6	-72.486
98.8	-72.485
99	-72.487
99.2	-72.486
99.4	-72.485
99.6	-72.484
99.8	-72.475
100	-72.473
100.2	-72.478
100.4	-72.475
100.6	-72.478
100.8	-72.481
101	-72.479
101.2	-72.478
101.4	-72.481
101.6	-72.477
101.8	-72.481
102	-72.48
102.2	-72.475
102.4	-72.474
102.6	-72.473
102.8	-72.471
103	-72.471
103.2	-72.472
103.4	-72.475
103.6	-72.474
103.8	-72.475
104	-72.485
104.2	-72.482
104.4	-72.482
104.6	-72.494
104.8	-72.489
105	-72.487
105.2	-72.489
105.4	-72.481
105.6	-72.482
105.8	-72.474
106	-72.478
106.2	-72.475
106.4	-72.477
106.6	-72.481
106.8	-72.48
107	-72.481
107.2	-72.482
107.4	-72.482
107.6	-72.478
107.8	-72.476
108	-72.477
108.2	-72.472
108.4	-72.465
108.6	-72.462
108.8	-72.461
109	-72.457
109.2	-72.455
109.4	-72.45
109.6	-72.455
109.8	-72.451
110	-72.453
110.2	-72.451
110.4	-72.451
110.6	-72.447
110.8	-72.445
111	-72.441
111.2	-72.442
111.4	-72.445
111.6	-72.45
111.8	-72.444
112	-72.446
112.2	-72.452
112.4	-72.457
112.6	-72.461
112.8	-72.463
113	-72.467
113.2	-72.466
113.4	-72.466
113.6	-72.462
113.8	-72.466
114	-72.462
114.2	-72.46
114.4	-72.452
114.6	-72.45
114.8	-72.452
115	-72.448
115.2	-72.447
115.4	-72.448
115.6	-72.444
115.8	-72.441
116	-72.447
116.2	-72.446
116.4	-72.438
116.6	-72.439
116.8	-72.431
117	-72.423
117.2	-72.419
117.4	-72.424
117.6	-72.427
117.8	-72.427
118	-72.426
118.2	-72.426
118.4	-72.421
118.6	-72.419
118.8	-72.424
119	-72.416
119.2	-72.411
119.4	-72.414
119.6	-72.412
119.8	-72.42
120	-72.423
120.2	-72.426
120.4	-72.432
120.6	-72.435
120.8	-72.44
121	-72.439
121.2	-72.438
121.4	-72.44
121.6	-72.445
121.8	-72.446
122	-72.447
122.2	-72.447
122.4	-72.44
122.6	-72.44
122.8	-72.444
123	-72.446
123.2	-72.447
123.4	-72.449
123.6	-72.45
123.8	-72.453
124	-72.456
124.2	-72.454
124.4	-72.455
124.6	-72.452
124.8	-72.454
125	-72.456
125.2	-72.465
125.4	-72.463
125.6	-72.462
125.8	-72.46
126	-72.464
126.2	-72.46
126.4	-72.461
126.6	-72.466
126.8	-72.469
127	-72.463
127.2	-72.469
127.4	-72.467
127.6	-72.467
127.8	-72.467
128	-72.466
128.2	-72.469
128.4	-72.468
128.6	-72.476
128.8	-72.48
129	-72.473
129.2	-72.474
129.4	-72.47
129.6	-72.462
129.8	-72.464
130	-72.459
130.2	-72.46
130.4	-72.453
130.6	-72.446
130.8	-72.451
131	-72.449
131.2	-72.45
131.4	-72.452
131.6	-72.456
131.8	-72.456
132	-72.454
132.2	-72.448
132.4	-72.447
132.6	-72.444
132.8	-72.445
133	-72.442
133.2	-72.439
133.4	-72.437
133.6	-72.436
133.8	-72.431
134	-72.437
134.2	-72.436
134.4	-72.441
134.6	-72.438
134.8	-72.442
135	-72.44
135.2	-72.438
135.4	-72.445
135.6	-72.44
135.8	-72.439
136	-72.442
136.2	-72.44
136.4	-72.441
136.6	-72.442
136.8	-72.448
137	-72.446
137.2	-72.443
137.4	-72.45
137.6	-72.443
137.8	-72.442
138	-72.441
138.2	-72.442
138.4	-72.437
138.6	-72.434
138.8	-72.429
139	-72.432
139.2	-72.433
139.4	-72.437
139.6	-72.44
139.8	-72.437
140	-72.44
140.2	-72.444
140.4	-72.436
140.6	-72.438
140.8	-72.44
141	-72.439
141.2	-72.438
141.4	-72.434
141.6	-72.435
141.8	-72.444
142	-72.441
142.2	-72.449
142.4	-72.445
142.6	-72.444
142.8	-72.453
143	-72.447
143.2	-72.451
143.4	-72.449
143.6	-72.45
143.8	-72.445
144	-72.445
144.2	-72.444
144.4	-72.443
144.6	-72.444
144.8	-72.444
145	-72.444
145.2	-72.451
145.4	-72.455
145.6	-72.458
145.8	-72.459
146	-72.455
146.2	-72.453
146.4	-72.447
146.6	-72.448
146.8	-72.452
147	-72.438
147.2	-72.44
147.4	-72.437
147.6	-72.439
147.8	-72.441
148	-72.44
148.2	-72.436
148.4	-72.443
148.6	-72.444
148.8	-72.443
149	-72.439
149.2	-72.434
149.4	-72.427
149.6	-72.43
149.8	-72.428
150	-72.424
150.2	-72.424
150.4	-72.421
150.6	-72.434
150.8	-72.43
151	-72.433
151.2	-72.445
151.4	-72.447
151.6	-72.45
151.8	-72.447
152	-72.447
152.2	-72.444
152.4	-72.452
152.6	-72.447
152.8	-72.449
153	-72.452
153.2	-72.447
153.4	-72.448
153.6	-72.462
153.8	-72.465
154	-72.468
154.2	-72.466
154.4	-72.468
154.6	-72.466
154.8	-72.46
155	-72.458
155.2	-72.452
155.4	-72.451
155.6	-72.459
155.8	-72.459
156	-72.463
156.2	-72.462
156.4	-72.465
156.6	-72.466
156.8	-72.463
157	-72.461
157.2	-72.464
157.4	-72.469
157.6	-72.466
157.8	-72.469
158	-72.467
158.2	-72.471
158.4	-72.466
158.6	-72.469
158.8	-72.463
159	-72.47
159.2	-72.472
159.4	-72.476
159.6	-72.472
159.8	-72.47
160	-72.468
160.2	-72.472
160.4	-72.477
160.6	-72.475
160.8	-72.475
161	-72.475
161.2	-72.48
161.4	-72.478
161.6	-72.484
161.8	-72.486
162	-72.492
162.2	-72.496
162.4	-72.492
162.6	-72.49
162.8	-72.495
163	-72.497
163.2	-72.493
163.4	-72.481
163.6	-72.484
163.8	-72.489
164	-72.495
164.2	-72.496
164.4	-72.497
164.6	-72.502
164.8	-72.504
165	-72.508
165.2	-72.505
165.4	-72.508
165.6	-72.507
165.8	-72.506
166	-72.505
166.2	-72.506
166.4	-72.506
166.6	-72.505
166.8	-72.51
167	-72.508
167.2	-72.502
167.4	-72.501
167.6	-72.501
167.8	-72.503
168	-72.5
168.2	-72.494
168.4	-72.494
168.6	-72.494
168.8	-72.486
169	-72.489
169.2	-72.491
169.4	-72.491
169.6	-72.489
169.8	-72.496
170	-72.498
170.2	-72.501
170.4	-72.494
170.6	-72.497
170.8	-72.502
171	-72.503
171.2	-72.511
171.4	-72.508
171.6	-72.506
171.8	-72.498
172	-72.499
172.2	-72.506
172.4	-72.51
172.6	-72.509
172.8	-72.512
173	-72.514
173.2	-72.508
173.4	-72.508
173.6	-72.506
173.8	-72.508
174	-72.516
174.2	-72.514
174.4	-72.512
174.6	-72.513
174.8	-72.52
175	-72.519
175.2	-72.522
175.4	-72.516
175.6	-72.517
175.8	-72.522
176	-72.52
176.2	-72.522
176.4	-72.517
176.6	-72.514
176.8	-72.513
177	-72.516
177.2	-72.518
177.4	-72.517
177.6	-72.516
177.8	-72.521
178	-72.521
178.2	-72.519
178.4	-72.522
178.6	-72.532
178.8	-72.533
179	-72.536
179.2	-72.534
179.4	-72.532
179.6	-72.528
179.8	-72.529
180	-72.531
180.2	-72.527
180.4	-72.528
180.6	-72.533
180.8	-72.536
181	-72.534
181.2	-72.539
181.4	-72.54
181.6	-72.539
181.8	-72.538
182	-72.546
182.2	-72.536
182.4	-72.537
182.6	-72.538
182.8	-72.541
183	-72.538
183.2	-72.536
183.4	-72.532
183.6	-72.531
183.8	-72.537
184	-72.534
184.2	-72.537
184.4	-72.535
184.6	-72.542
184.8	-72.532
185	-72.534
185.2	-72.526
185.4	-72.524
185.6	-72.527
185.8	-72.527
186	-72.52
186.2	-72.526
186.4	-72.528
186.6	-72.528
186.8	-72.53
187	-72.526
187.2	-72.521
187.4	-72.522
187.6	-72.522
187.8	-72.524
188	-72.518
188.2	-72.517
188.4	-72.522
188.6	-72.522
188.8	-72.522
189	-72.518
189.2	-72.526
189.4	-72.529
189.6	-72.529
189.8	-72.525
190	-72.522
190.2	-72.532
190.4	-72.527
190.6	-72.523
190.8	-72.529
191	-72.531
191.2	-72.532
191.4	-72.529
191.6	-72.534
191.8	-72.534
192	-72.534
192.2	-72.528
192.4	-72.522
192.6	-72.529
192.8	-72.526
193	-72.526
193.2	-72.517
193.4	-72.518
193.6	-72.519
193.8	-72.519
194	-72.517
194.2	-72.516
194.4	-72.519
194.6	-72.516
194.8	-72.519
195	-72.526
195.2	-72.532
195.4	-72.526
195.6	-72.526
195.8	-72.524
196	-72.521
196.2	-72.521
196.4	-72.522
196.6	-72.523
196.8	-72.522
197	-72.524
197.2	-72.525
197.4	-72.527
197.6	-72.53
197.8	-72.521
198	-72.525
198.2	-72.529
198.4	-72.525
198.6	-72.531
198.8	-72.526
199	-72.529
199.2	-72.53
199.4	-72.525
199.6	-72.527
199.8	-72.529
200	-72.53
200.2	-72.53
200.4	-72.531
200.6	-72.529
200.8	-72.52
201	-72.52
201.2	-72.519
201.4	-72.511
201.6	-72.51
201.8	-72.508
202	-72.506
202.2	-72.501
202.4	-72.498
202.6	-72.5
202.8	-72.503
203	-72.506
203.2	-72.51
203.4	-72.512
203.6	-72.509
203.8	-72.505
204	-72.502
204.2	-72.5
204.4	-72.497
204.6	-72.492
204.8	-72.497
205	-72.495
205.2	-72.502
205.4	-72.501
205.6	-72.504
205.8	-72.513
206	-72.507
206.2	-72.511
206.4	-72.515
206.6	-72.517
206.8	-72.518
207	-72.52
207.2	-72.513
207.4	-72.509
207.6	-72.51
207.8	-72.514
208	-72.512
208.2	-72.51
208.4	-72.511
208.6	-72.504
208.8	-72.498
209	-72.496
209.2	-72.486
209.4	-72.487
209.6	-72.481
209.8	-72.478
210	-72.48
210.2	-72.479
210.4	-72.48
210.6	-72.481
210.8	-72.481
211	-72.478
211.2	-72.473
211.4	-72.474
211.6	-72.475
211.8	-72.477
212	-72.478
212.2	-72.473
212.4	-72.473
212.6	-72.468
212.8	-72.465
213	-72.462
213.2	-72.461
213.4	-72.47
213.6	-72.47
213.8	-72.475
214	-72.472
214.2	-72.478
214.4	-72.48
214.6	-72.483
214.8	-72.479
215	-72.482
215.2	-72.489
215.4	-72.48
215.6	-72.482
215.8	-72.481
216	-72.481
216.2	-72.486
216.4	-72.486
216.6	-72.488
216.8	-72.491
217	-72.494
217.2	-72.487
217.4	-72.489
217.6	-72.49
217.8	-72.489
218	-72.487
218.2	-72.486
218.4	-72.483
218.6	-72.491
218.8	-72.493
219	-72.498
219.2	-72.497
219.4	-72.504
219.6	-72.508
219.8	-72.506
220	-72.507
220.2	-72.503
220.4	-72.502
220.6	-72.497
220.8	-72.501
221	-72.499
221.2	-72.499
221.4	-72.5
221.6	-72.495
221.8	-72.489
222	-72.495
222.2	-72.496
222.4	-72.498
222.6	-72.497
222.8	-72.499
223	-72.496
223.2	-72.497
223.4	-72.492
223.6	-72.492
223.8	-72.487
224	-72.492
224.2	-72.487
224.4	-72.493
224.6	-72.494
224.8	-72.496
225	-72.487
225.2	-72.482
225.4	-72.483
225.6	-72.479
225.8	-72.477
226	-72.471
226.2	-72.466
226.4	-72.461
226.6	-72.459
226.8	-72.46
227	-72.459
227.2	-72.456
227.4	-72.458
227.6	-72.46
227.8	-72.464
228	-72.465
228.2	-72.466
228.4	-72.464
228.6	-72.459
228.8	-72.464
229	-72.459
229.2	-72.451
229.4	-72.447
229.6	-72.452
229.8	-72.449
230	-72.454
230.2	-72.452
230.4	-72.455
230.6	-72.457
230.8	-72.457
231	-72.464
231.2	-72.463
231.4	-72.456
231.6	-72.45
231.8	-72.455
232	-72.45
232.2	-72.451
232.4	-72.456
232.6	-72.459
232.8	-72.453
233	-72.449
233.2	-72.446
233.4	-72.448
233.6	-72.451
233.8	-72.447
234	-72.445
234.2	-72.449
234.4	-72.444
234.6	-72.442
234.8	-72.439
235	-72.441
235.2	-72.44
235.4	-72.445
235.6	-72.443
235.8	-72.447
236	-72.451
236.2	-72.451
236.4	-72.45
236.6	-72.452
236.8	-72.453
237	-72.45
237.2	-72.447
237.4	-72.441
237.6	-72.439
237.8	-72.437
238	-72.436
238.2	-72.434
238.4	-72.425
238.6	-72.431
238.8	-72.43
239	-72.423
239.2	-72.415
239.4	-72.418
239.6	-72.414
239.8	-72.407
240	-72.407
240.2	-72.403
240.4	-72.4
240.6	-72.398
240.8	-72.395
241	-72.398
241.2	-72.403
241.4	-72.401
241.6	-72.403
241.8	-72.402
242	-72.4
242.2	-72.395
242.4	-72.395
242.6	-72.397
242.8	-72.399
243	-72.397
243.2	-72.402
243.4	-72.399
243.6	-72.399
243.8	-72.4
244	-72.4
244.2	-72.409
244.4	-72.405
244.6	-72.409
244.8	-72.409
245	-72.404
245.2	-72.404
245.4	-72.409
245.6	-72.411
245.8	-72.408
246	-72.405
246.2	-72.406
246.4	-72.406
246.6	-72.408
246.8	-72.413
247	-72.418
247.2	-72.422
247.4	-72.425
247.6	-72.421
247.8	-72.427
248	-72.428
248.2	-72.43
248.4	-72.427
248.6	-72.427
248.8	-72.43
249	-72.432
249.2	-72.444
249.4	-72.437
249.6	-72.443
249.8	-72.446
250	-72.44
250.2	-72.44
250.4	-72.443
250.6	-72.448
250.8	-72.448
251	-72.444
251.2	-72.439
251.4	-72.436
251.6	-72.439
251.8	-72.436
252	-72.43
252.2	-72.44
252.4	-72.453
252.6	-72.452
252.8	-72.447
253	-72.447
253.2	-72.448
253.4	-72.45
253.6	-72.447
253.8	-72.455
254	-72.454
254.2	-72.455
254.4	-72.452
254.6	-72.452
254.8	-72.455
255	-72.458
255.2	-72.462
255.4	-72.465
255.6	-72.459
255.8	-72.43
256	-72.387
256.2	-72.326
256.4	-72.264
256.6	-72.203
256.8	-72.147
257	-72.1
257.2	-72.062
257.4	-72.021
257.6	-71.993
257.8	-71.966
258	-71.944
258.2	-71.917
258.4	-71.905
258.6	-71.893
258.8	-71.885
259	-71.875
259.2	-71.865
259.4	-71.856
259.6	-71.85
259.8	-71.852
260	-71.852
260.2	-71.853
260.4	-71.858
260.6	-71.864
260.8	-71.869
261	-71.872
261.2	-71.877
261.4	-71.877
261.6	-71.882
261.8	-71.883
262	-71.885
262.2	-71.882
262.4	-71.883
262.6	-71.892
262.8	-71.899
263	-71.909
263.2	-71.913
263.4	-71.922
263.6	-71.93
263.8	-71.935
264	-71.939
264.2	-71.941
264.4	-71.951
264.6	-71.955
264.8	-71.96
265	-71.971
265.2	-71.972
265.4	-71.97
265.6	-71.977
265.8	-71.991
266	-71.999
266.2	-71.997
266.4	-72.003
266.6	-72.008
266.8	-72.01
267	-72.014
267.2	-72.019
267.4	-72.023
267.6	-72.03
267.8	-72.034
268	-72.037
268.2	-72.041
268.4	-72.045
268.6	-72.056
268.8	-72.063
269	-72.07
269.2	-72.076
269.4	-72.082
269.6	-72.09
269.8	-72.089
270	-72.092
270.2	-72.094
270.4	-72.092
270.6	-72.099
270.8	-72.104
271	-72.111
271.2	-72.115
271.4	-72.121
271.6	-72.125
271.8	-72.135
272	-72.134
272.2	-72.136
272.4	-72.142
272.6	-72.147
272.8	-72.149
273	-72.15
273.2	-72.156
273.4	-72.156
273.6	-72.163
273.8	-72.17
274	-72.179
274.2	-72.177
274.4	-72.182
274.6	-72.192
274.8	-72.192
275	-72.198
275.2	-72.2
275.4	-72.205
275.6	-72.201
275.8	-72.207
276	-72.203
276.2	-72.215
276.4	-72.224
276.6	-72.22
276.8	-72.231
277	-72.235
277.2	-72.24
277.4	-72.245
277.6	-72.243
277.8	-72.243
278	-72.237
278.2	-72.24
278.4	-72.234
278.6	-72.237
278.8	-72.236
279	-72.235
279.2	-72.24
279.4	-72.24
279.6	-72.245
279.8	-72.247
280	-72.257
280.2	-72.259
280.4	-72.258
280.6	-72.259
280.8	-72.264
281	-72.267
281.2	-72.266
281.4	-72.26
281.6	-72.261
281.8	-72.263
282	-72.261
282.2	-72.259
282.4	-72.26
282.6	-72.259
282.8	-72.267
283	-72.264
283.2	-72.267
283.4	-72.264
283.6	-72.269
283.8	-72.268
284	-72.268
284.2	-72.268
284.4	-72.274
284.6	-72.278
284.8	-72.279
285	-72.288
285.2	-72.288
285.4	-72.295
285.6	-72.295
285.8	-72.301
286	-72.3
286.2	-72.301
286.4	-72.304
286.6	-72.3
286.8	-72.307
287	-72.301
287.2	-72.302
287.4	-72.305
287.6	-72.309
287.8	-72.315
288	-72.315
288.2	-72.321
288.4	-72.324
288.6	-72.323
288.8	-72.325
289	-72.325
289.2	-72.327
289.4	-72.326
289.6	-72.321
289.8	-72.323
290	-72.328
290.2	-72.335
290.4	-72.337
290.6	-72.342
290.8	-72.343
291	-72.345
291.2	-72.347
291.4	-72.345
291.6	-72.348
291.8	-72.35
292	-72.35
292.2	-72.351
292.4	-72.351
292.6	-72.353
292.8	-72.356
293	-72.356
293.2	-72.361
293.4	-72.37
293.6	-72.372
293.8	-72.382
294	-72.384
294.2	-72.381
294.4	-72.384
294.6	-72.386
294.8	-72.382
295	-72.384
295.2	-72.376
295.4	-72.379
295.6	-72.384
295.8	-72.375
296	-72.382
296.2	-72.384
296.4	-72.387
296.6	-72.39
296.8	-72.391
297	-72.391
297.2	-72.383
297.4	-72.385
297.6	-72.388
297.8	-72.389
298	-72.385
298.2	-72.385
298.4	-72.387
298.6	-72.389
298.8	-72.391
299	-72.388
299.2	-72.391
299.4	-72.389
299.6	-72.391
299.8	-72.392
300	-72.394
300.2	-72.392
300.4	-72.391
300.6	-72.389
300.8	-72.385
301	-72.386
301.2	-72.39
301.4	-72.392
301.6	-72.395
301.8	-72.401
302	-72.399
302.2	-72.398
302.4	-72.404
302.6	-72.406
302.8	-72.403
303	-72.41
303.2	-72.411
303.4	-72.412
303.6	-72.41
303.8	-72.412
304	-72.409
304.2	-72.412
304.4	-72.417
304.6	-72.419
304.8	-72.421
305	-72.418
305.2	-72.414
305.4	-72.415
305.6	-72.415
305.8	-72.412
306	-72.409
306.2	-72.412
306.4	-72.411
306.6	-72.411
306.8	-72.41
307	-72.41
307.2	-72.413
307.4	-72.419
307.6	-72.417
307.8	-72.422
308	-72.422
308.2	-72.421
308.4	-72.424
308.6	-72.418
308.8	-72.411
309	-72.413
309.2	-72.41
309.4	-72.407
309.6	-72.403
309.8	-72.409
310	-72.415
310.2	-72.419
310.4	-72.425
310.6	-72.416
310.8	-72.415
311	-72.411
311.2	-72.413
311.4	-72.405
311.6	-72.405
311.8	-72.401
312	-72.4
312.2	-72.398
312.4	-72.405
312.6	-72.399
312.8	-72.405
313	-72.402
313.2	-72.4
313.4	-72.4
313.6	-72.392
313.8	-72.39
314	-72.392
314.2	-72.393
314.4	-72.386
314.6	-72.387
314.8	-72.391
315	-72.389
315.2	-72.394
315.4	-72.391
315.6	-72.391
315.8	-72.391
316	-72.392
316.2	-72.394
316.4	-72.396
316.6	-72.389
316.8	-72.391
317	-72.393
317.2	-72.393
317.4	-72.392
317.6	-72.394
317.8	-72.392
318	-72.396
318.2	-72.402
318.4	-72.403
318.6	-72.407
318.8	-72.412
319	-72.403
319.2	-72.403
319.4	-72.406
319.6	-72.402
319.8	-72.403
320	-72.403
320.2	-72.403
320.4	-72.4
320.6	-72.403
320.8	-72.406
321	-72.406
321.2	-72.409
321.4	-72.404
321.6	-72.412
321.8	-72.416
322	-72.414
322.2	-72.416
322.4	-72.415
322.6	-72.413
322.8	-72.411
323	-72.414
323.2	-72.412
323.4	-72.419
323.6	-72.424
323.8	-72.425
324	-72.427
324.2	-72.43
324.4	-72.433
324.6	-72.437
324.8	-72.429
325	-72.429
325.2	-72.426
325.4	-72.431
325.6	-72.424
325.8	-72.425
326	-72.421
326.2	-72.424
326.4	-72.427
326.6	-72.432
326.8	-72.433
327	-72.436
327.2	-72.439
327.4	-72.43
327.6	-72.425
327.8	-72.434
328	-72.43
328.2	-72.421
328.4	-72.421
328.6	-72.425
328.8	-72.421
329	-72.426
329.2	-72.43
329.4	-72.431
329.6	-72.426
329.8	-72.421
330	-72.42
330.2	-72.428
330.4	-72.427
330.6	-72.427
330.8	-72.429
331	-72.429
331.2	-72.426
331.4	-72.423
331.6	-72.426
331.8	-72.425
332	-72.427
332.2	-72.432
332.4	-72.435
332.6	-72.438
332.8	-72.437
333	-72.427
333.2	-72.43
333.4	-72.425
333.6	-72.432
333.8	-72.43
334	-72.432
334.2	-72.431
334.4	-72.435
334.6	-72.438
334.8	-72.436
335	-72.433
335.2	-72.432
335.4	-72.427
335.6	-72.428
335.8	-72.423
336	-72.427
336.2	-72.422
336.4	-72.416
336.6	-72.414
336.8	-72.411
337	-72.413
337.2	-72.412
337.4	-72.415
337.6	-72.418
337.8	-72.413
338	-72.408
338.2	-72.409
338.4	-72.407
338.6	-72.41
338.8	-72.414
339	-72.412
339.2	-72.411
339.4	-72.409
339.6	-72.406
339.8	-72.407
340	-72.411
340.2	-72.412
340.4	-72.417
340.6	-72.414
340.8	-72.417
341	-72.416
341.2	-72.416
341.4	-72.418
341.6	-72.418
341.8	-72.415
342	-72.414
342.2	-72.414
342.4	-72.417
342.6	-72.427
342.8	-72.428
343	-72.435
343.2	-72.434
343.4	-72.435
343.6	-72.434
343.8	-72.44
344	-72.444
344.2	-72.437
344.4	-72.445
344.6	-72.444
344.8	-72.442
345	-72.442
345.2	-72.446
345.4	-72.446
345.6	-72.456
345.8	-72.457
346	-72.457
346.2	-72.464
346.4	-72.461
346.6	-72.452
346.8	-72.457
347	-72.462
347.2	-72.459
347.4	-72.449
347.6	-72.451
347.8	-72.452
348	-72.45
348.2	-72.452
348.4	-72.447
348.6	-72.452
348.8	-72.45
349	-72.445
349.2	-72.448
349.4	-72.438
349.6	-72.438
349.8	-72.437
350	-72.439
350.2	-72.432
350.4	-72.431
350.6	-72.431
350.8	-72.428
351	-72.431
351.2	-72.435
351.4	-72.437
351.6	-72.441
351.8	-72.441
352	-72.441
352.2	-72.442
352.4	-72.44
352.6	-72.439
352.8	-72.439
353	-72.435
353.2	-72.438
353.4	-72.437
353.6	-72.439
353.8	-72.441
354	-72.448
354.2	-72.448
354.4	-72.453
354.6	-72.45
354.8	-72.447
355	-72.453
355.2	-72.45
355.4	-72.448
355.6	-72.453
355.8	-72.448
356	-72.452
356.2	-72.455
356.4	-72.459
356.6	-72.458
356.8	-72.456
357	-72.458
357.2	-72.464
357.4	-72.46
357.6	-72.46
357.8	-72.463
358	-72.46
358.2	-72.463
358.4	-72.46
358.6	-72.454
358.8	-72.451
359	-72.45
359.2	-72.446
359.4	-72.443
359.6	-72.442
359.8	-72.446
360	-72.442
360.2	-72.44
360.4	-72.439
360.6	-72.441
360.8	-72.434
361	-72.435
361.2	-72.433
361.4	-72.429
361.6	-72.432
361.8	-72.429
362	-72.428
362.2	-72.429
362.4	-72.427
362.6	-72.428
362.8	-72.423
363	-72.425
363.2	-72.422
363.4	-72.42
363.6	-72.416
363.8	-72.422
364	-72.422
364.2	-72.415
364.4	-72.419
364.6	-72.419
364.8	-72.418
365	-72.421
365.2	-72.418
365.4	-72.41
365.6	-72.41
365.8	-72.407
366	-72.405
366.2	-72.398
366.4	-72.404
366.6	-72.401
366.8	-72.396
367	-72.396
367.2	-72.394
367.4	-72.397
367.6	-72.396
367.8	-72.393
368	-72.397
368.2	-72.4
368.4	-72.4
368.6	-72.398
368.8	-72.4
369	-72.406
369.2	-72.409
369.4	-72.403
369.6	-72.403
369.8	-72.401
370	-72.397
370.2	-72.403
370.4	-72.408
370.6	-72.408
370.8	-72.411
371	-72.41
371.2	-72.406
371.4	-72.404
371.6	-72.408
371.8	-72.41
372	-72.413
372.2	-72.417
372.4	-72.421
372.6	-72.421
372.8	-72.422
373	-72.418
373.2	-72.418
373.4	-72.427
373.6	-72.43
373.8	-72.429
374	-72.431
374.2	-72.437
374.4	-72.429
374.6	-72.425
374.8	-72.427
375	-72.424
375.2	-72.426
375.4	-72.427
375.6	-72.428
375.8	-72.437
376	-72.44
376.2	-72.441
376.4	-72.438
376.6	-72.441
376.8	-72.448
377	-72.442
377.2	-72.444
377.4	-72.437
377.6	-72.433
377.8	-72.434
378	-72.442
378.2	-72.443
378.4	-72.446
378.6	-72.447
378.8	-72.451
379	-72.452
379.2	-72.454
379.4	-72.453
379.6	-72.459
379.8	-72.458
380	-72.457
380.2	-72.457
380.4	-72.462
380.6	-72.459
380.8	-72.465
381	-72.466
381.2	-72.473
381.4	-72.47
381.6	-72.466
381.8	-72.463
382	-72.463
382.2	-72.459
382.4	-72.454
382.6	-72.459
382.8	-72.457
383	-72.453
383.2	-72.453
383.4	-72.453
383.6	-72.451
383.8	-72.454
384	-72.456
384.2	-72.455
384.4	-72.458
384.6	-72.459
384.8	-72.462
385	-72.461
385.2	-72.463
385.4	-72.455
385.6	-72.453
385.8	-72.452
386	-72.45
386.2	-72.448
386.4	-72.45
386.6	-72.45
386.8	-72.453
387	-72.456
387.2	-72.458
387.4	-72.457
387.6	-72.458
387.8	-72.455
388	-72.451
388.2	-72.456
388.4	-72.46
388.6	-72.459
388.8	-72.456
389	-72.453
389.2	-72.459
389.4	-72.464
389.6	-72.465
389.8	-72.461
390	-72.457
390.2	-72.458
390.4	-72.463
390.6	-72.466
390.8	-72.466
391	-72.464
391.2	-72.462
391.4	-72.46
391.6	-72.457
391.8	-72.462
392	-72.473
392.2	-72.475
392.4	-72.48
392.6	-72.484
392.8	-72.481
393	-72.488
393.2	-72.487
393.4	-72.484
393.6	-72.481
393.8	-72.48
394	-72.474
394.2	-72.472
394.4	-72.473
394.6	-72.474
394.8	-72.475
395	-72.477
395.2	-72.484
395.4	-72.484
395.6	-72.484
395.8	-72.48
396	-72.479
396.2	-72.471
396.4	-72.476
396.6	-72.474
396.8	-72.475
397	-72.471
397.2	-72.47
397.4	-72.47
397.6	-72.478
397.8	-72.477
398	-72.484
398.2	-72.482
398.4	-72.485
398.6	-72.48
398.8	-72.483
399	-72.483
399.2	-72.478
399.4	-72.482
399.6	-72.477
399.8	-72.48
400	-72.48
400.2	-72.485
