label:v(.5)
6454 2
0	-86
0.02	-85.986
0.04	-85.98
0.06	-85.997
0.08	-85.999
0.1	-85.986
0.12	-85.976
0.14	-85.987
0.16	-85.994
0.18	-85.979
0.2	-85.978
0.22	-85.99
0.24	-85.989
0.26	-85.985
0.28	-86.001
0.3	-85.999
0.32	-85.998
0.34	-85.986
0.36	-85.99
0.38	-86.002
0.4	-85.997
0.42	-85.98
0.44	-85.984
0.46	-86.012
0.48	-86.008
0.5	-85.968
0.52	-85.992
0.54	-86.012
0.56	-85.993
0.58	-85.98
0.6	-85.981
0.62	-85.988
0.64	-85.989
0.66	-85.965
0.68	-85.986
0.7	-86.012
0.72	-85.994
0.74	-85.971
0.76	-85.977
0.78	-85.998
0.8	-85.994
0.82	-85.985
0.84	-85.984
0.86	-86.003
0.88	-85.998
0.9	-85.984
0.92	-85.984
0.94	-86.013
0.96	-85.997
0.98	-85.985
1	-85.991
1.02	-86.007
1.04	-85.999
1.06	-85.996
1.08	-86.001
1.1	-85.999
1.12	-85.996
1.14	-85.988
1.16	-85.993
1.18	-85.996
1.2	-85.992
1.22	-85.981
1.24	-85.989
1.26	-86.005
1.28	-85.988
1.3	-85.988
1.32	-86
1.34	-86.011
1.36	-85.999
1.38	-85.992
1.4	-86.002
1.42	-86.015
1.44	-85.998
1.46	-85.973
1.48	-85.991
1.5	-86.006
1.52	-85.994
1.54	-85.994
1.56	-85.998
1.58	-86.012
1.6	-85.998
1.62	-85.97
1.64	-85.99
1.66	-85.997
1.68	-85.986
1.7	-85.98
1.72	-85.985
1.74	-85.996
1.76	-85.993
1.78	-85.995
1.8	-86.004
1.82	-86.01
1.84	-85.978
1.86	-85.975
1.88	-85.996
1.9	-86.002
1.92	-85.987
1.94	-85.986
1.96	-85.994
1.98	-86.011
2	-85.989
2.02	-85.979
2.04	-86.005
2.06	-86.003
2.08	-85.99
2.1	-85.981
2.12	-86.002
2.14	-86.002
2.16	-85.998
2.18	-85.995
2.2	-85.993
2.22	-86.001
2.24	-85.987
2.26	-85.984
2.28	-86.003
2.3	-86.01
2.32	-85.989
2.34	-85.975
2.36	-85.992
2.38	-86.005
2.4	-85.988
2.42	-85.978
2.44	-86
2.46	-86.008
2.48	-85.987
2.5	-85.98
2.52	-85.997
2.54	-85.997
2.56	-85.995
2.58	-85.991
2.6	-85.994
2.62	-85.996
2.64	-86.003
2.66	-85.99
2.68	-86.006
2.7	-86.018
2.72	-86.001
2.74	-85.989
2.76	-85.993
2.78	-86.002
2.8	-85.994
2.82	-85.988
2.84	-85.999
2.86	-86.004
2.88	-85.996
2.9	-85.98
2.92	-86.004
2.94	-86.016
2.96	-85.982
2.98	-85.984
3	-86.004
3.02	-85.998
3.04	-85.987
3.06	-86
3.08	-86.015
3.1	-85.996
3.12	-85.997
3.14	-85.995
3.16	-86
3.18	-86.013
3.2	-85.984
3.22	-85.993
3.24	-86.001
3.26	-86.001
3.28	-85.98
3.3	-85.996
3.32	-86.009
3.34	-86.005
3.36	-85.987
3.38	-85.995
3.4	-86.007
3.42	-86.005
3.44	-85.972
3.46	-85.985
3.48	-86.011
3.5	-86.002
3.52	-85.978
3.54	-85.992
3.56	-86.003
3.58	-86.007
3.6	-85.984
3.62	-85.986
3.64	-86.007
3.66	-86.018
3.68	-85.996
3.7	-85.99
3.72	-86.001
3.74	-86.006
3.76	-85.99
3.78	-85.987
3.8	-86.015
3.82	-86.005
3.84	-85.975
3.86	-85.976
3.88	-86.008
3.9	-86.005
3.92	-85.979
3.94	-85.987
3.96	-86
3.98	-85.993
4	-85.992
4.02	-85.986
4.04	-86.006
4.06	-86.009
4.08	-85.995
4.1	-86.005
4.12	-86.021
4.14	-86.025
4.16	-86.004
4.18	-86.01
4.2	-86.004
4.22	-85.997
4.24	-85.985
4.26	-85.991
4.28	-86.007
4.3	-85.993
4.32	-85.984
4.34	-85.998
4.36	-86
4.38	-85.997
4.4	-85.982
4.42	-85.986
4.44	-86.008
4.46	-85.993
4.48	-85.973
4.5	-86.001
4.52	-86.001
4.54	-85.992
4.56	-85.983
4.58	-85.993
4.6	-86.011
4.62	-86.004
4.64	-85.984
4.66	-86.001
4.68	-86.015
4.7	-85.997
4.72	-85.978
4.74	-85.998
4.76	-86.02
4.78	-86.001
4.8	-85.993
4.82	-85.999
4.84	-86.014
4.86	-85.988
4.88	-85.979
4.9	-86.001
4.92	-86
4.94	-85.985
4.96	-85.984
4.98	-85.99
5	-86.008
5.02	-85.992
5.04	-85.98
5.06	-85.999
5.08	-86.006
5.1	-85.986
5.12	-85.997
5.14	-86.009
5.16	-86.02
5.18	-86.011
5.2	-85.996
5.22	-85.993
5.24	-86.007
5.26	-85.999
5.28	-85.987
5.3	-86.007
5.32	-86.018
5.34	-85.996
5.36	-85.989
5.38	-85.999
5.4	-86.004
5.42	-85.982
5.44	-85.976
5.46	-85.995
5.48	-86.019
5.5	-85.991
5.52	-85.979
5.54	-86.003
5.56	-85.999
5.58	-85.996
5.6	-85.994
5.62	-85.989
5.64	-86.007
5.66	-85.997
5.68	-85.998
5.7	-85.997
5.72	-86.007
5.74	-85.989
5.76	-85.984
5.78	-86.008
5.8	-86.004
5.82	-85.985
5.84	-85.991
5.86	-85.99
5.88	-86.004
5.9	-85.993
5.92	-85.977
5.94	-85.998
5.96	-85.994
5.98	-85.982
6	-85.993
6.02	-86.004
6.04	-86.004
6.06	-85.99
6.08	-85.994
6.1	-86.012
6.12	-86.021
6.14	-86.002
6.16	-85.996
6.18	-86.012
6.2	-86.02
6.22	-86.005
6.24	-86.001
6.26	-86.004
6.28	-86.02
6.3	-86.003
6.32	-85.996
6.34	-86
6.36	-86
6.38	-85.983
6.4	-85.983
6.42	-85.998
6.44	-86.006
6.46	-85.988
6.48	-85.988
6.5	-86.009
6.52	-85.999
6.54	-85.994
6.56	-86
6.58	-86.003
6.6	-86.007
6.62	-85.981
6.64	-86
6.66	-86.021
6.68	-86.013
6.7	-85.99
6.72	-85.998
6.74	-86.018
6.76	-86.018
6.78	-86.002
6.8	-86.008
6.82	-86.012
6.84	-86.022
6.86	-85.991
6.88	-85.994
6.9	-86.002
6.92	-85.992
6.94	-85.984
6.96	-85.989
6.98	-86.004
7	-86.008
7.02	-85.993
7.04	-85.995
7.06	-86.014
7.08	-86.02
7.1	-85.992
7.12	-85.993
7.14	-86.008
7.16	-86.015
7.18	-86.001
7.2	-86.002
7.22	-86.008
7.24	-86.022
7.26	-85.993
7.28	-85.997
7.3	-86.013
7.32	-86.011
7.34	-85.98
7.36	-85.996
7.38	-86.005
7.4	-85.998
7.42	-85.984
7.44	-85.985
7.46	-85.99
7.48	-86.005
7.5	-85.986
7.52	-85.992
7.54	-86.006
7.56	-86.011
7.58	-85.997
7.6	-85.988
7.62	-86.005
7.64	-86.008
7.66	-85.997
7.68	-86.004
7.7	-86.018
7.72	-86.015
7.74	-85.992
7.76	-86.008
7.78	-86.019
7.8	-86.009
7.82	-85.993
7.84	-86.005
7.86	-86.023
7.88	-86.015
7.9	-85.995
7.92	-85.992
7.94	-86.02
7.96	-86.008
7.98	-85.986
8	-85.999
8.02	-86.007
8.04	-85.979
8.06	-85.977
8.08	-85.994
8.1	-86.005
8.12	-85.994
8.14	-85.993
8.16	-86.004
8.18	-86.004
8.2	-85.997
8.22	-85.982
8.24	-86.006
8.26	-86.015
8.28	-86
8.3	-85.988
8.32	-86.003
8.34	-86.022
8.36	-85.998
8.38	-85.991
8.4	-86.006
8.42	-86.009
8.44	-85.987
8.46	-85.976
8.48	-85.998
8.5	-86.001
8.52	-85.998
8.54	-85.973
8.56	-85.987
8.58	-86.005
8.6	-86.006
8.62	-85.997
8.64	-85.988
8.66	-86.002
8.68	-86.006
8.7	-85.995
8.72	-86.002
8.74	-86.026
8.76	-86.011
8.78	-85.994
8.8	-86
8.82	-86.018
8.84	-86.003
8.86	-85.993
8.88	-86.005
8.9	-86.005
8.92	-85.992
8.94	-85.98
8.96	-85.993
8.98	-86.01
9	-85.986
9.02	-85.969
9.04	-85.989
9.06	-85.993
9.08	-85.98
9.1	-85.985
9.12	-85.999
9.14	-86.019
9.16	-85.99
9.18	-85.982
9.2	-86.003
9.22	-86.023
9.24	-85.999
9.26	-85.993
9.28	-86.031
9.3	-86.036
9.32	-85.998
9.34	-85.99
9.36	-86.008
9.38	-86.007
9.4	-86.003
9.42	-85.995
9.44	-86
9.46	-86.002
9.48	-86.005
9.5	-85.986
9.52	-85.989
9.54	-86.011
9.56	-85.992
9.58	-85.988
9.6	-86.012
9.62	-86.012
9.64	-85.991
9.66	-85.989
9.68	-86.013
9.7	-86.02
9.72	-86.013
9.74	-86.003
9.76	-86.013
9.78	-86.011
9.8	-86.002
9.82	-86.002
9.84	-86.015
9.86	-86.021
9.88	-85.99
9.9	-85.983
9.92	-86.001
9.94	-86
9.96	-85.98
9.98	-85.989
10	-86.008
10.02	-86.011
10.04	-85.985
10.06	-85.986
10.08	-86.012
10.1	-86.015
10.12	-85.997
10.14	-85.989
10.16	-86.022
10.18	-86.034
10.2	-86.002
10.22	-86.005
10.24	-86.026
10.26	-86.03
10.28	-86.001
10.3	-85.993
10.32	-86.027
10.34	-86.024
10.36	-85.999
10.38	-85.998
10.4	-86.017
10.42	-86.014
10.44	-85.991
10.46	-86
10.48	-86.005
10.5	-86.003
10.52	-85.996
10.54	-85.991
10.56	-86.015
10.58	-86.005
10.6	-85.984
10.62	-85.994
10.64	-86.008
10.66	-86.013
10.68	-85.997
10.7	-85.999
10.72	-86.015
10.74	-86.018
10.76	-86.01
10.78	-86.006
10.8	-86.02
10.82	-86.017
10.84	-85.993
10.86	-85.992
10.88	-86.013
10.9	-86.015
10.92	-85.991
10.94	-86.003
10.96	-86.023
10.98	-86.013
11	-85.978
11.02	-85.986
11.04	-86.016
11.06	-86.013
11.08	-85.99
11.1	-86.005
11.12	-86.01
11.14	-86.017
11.16	-85.992
11.18	-86
11.2	-86.015
11.22	-86.007
11.24	-86.004
11.26	-86.003
11.28	-86.004
11.3	-86.013
11.32	-85.996
11.34	-86.001
11.36	-86.022
11.38	-86.016
11.4	-86.003
11.42	-86.002
11.44	-86.008
11.46	-86.014
11.48	-85.989
11.5	-85.999
11.52	-86.009
11.54	-86.017
11.56	-85.995
11.58	-85.992
11.6	-86.012
11.62	-86.013
11.64	-85.997
11.66	-86.008
11.68	-86.011
11.7	-86.009
11.72	-85.989
11.74	-85.991
11.76	-86.026
11.78	-86.021
11.8	-85.995
11.82	-86.01
11.84	-86.024
11.86	-85.997
11.88	-85.99
11.9	-85.994
11.92	-86.019
11.94	-86.005
11.96	-85.987
11.98	-85.997
12	-86.025
12.02	-86.011
12.04	-85.991
12.06	-85.995
12.08	-86.011
12.1	-86.015
12.12	-85.987
12.14	-86.001
12.16	-86.017
12.18	-86.011
12.2	-86.002
12.22	-86.017
12.24	-86.002
12.26	-86.001
12.28	-85.983
12.3	-86.001
12.32	-86.011
12.34	-86.007
12.36	-85.991
12.38	-86.009
12.4	-86.023
12.42	-85.998
12.44	-85.996
12.46	-86.016
12.48	-86.022
12.5	-85.999
12.52	-85.992
12.54	-86.009
12.56	-86.008
12.58	-85.994
12.6	-85.996
12.62	-86.003
12.64	-86.016
12.66	-86.012
12.68	-85.998
12.7	-86.006
12.72	-86.014
12.74	-85.998
12.76	-85.997
12.78	-86.013
12.8	-86.026
12.82	-86.003
12.84	-85.989
12.86	-86.022
12.88	-86.038
12.9	-85.999
12.92	-85.991
12.94	-86.001
12.96	-86.023
12.98	-86.017
13	-85.992
13.02	-86.016
13.04	-86.021
13.06	-86.009
13.08	-85.999
13.1	-86.005
13.12	-86.012
13.14	-86.007
13.16	-86.008
13.18	-86.008
13.2	-86.011
13.22	-85.997
13.24	-85.996
13.26	-86.007
13.28	-86.03
13.3	-86.007
13.32	-85.995
13.34	-86.011
13.36	-86.017
13.38	-85.995
13.4	-86.013
13.42	-86.026
13.44	-86.012
13.46	-85.993
13.48	-85.989
13.5	-86.011
13.52	-86.02
13.54	-86.001
13.56	-85.988
13.58	-86.012
13.6	-86.013
13.62	-85.995
13.64	-85.991
13.66	-86.009
13.68	-86.02
13.7	-85.998
13.72	-85.993
13.74	-86.006
13.76	-86.009
13.78	-85.993
13.8	-85.996
13.82	-86.008
13.84	-86.016
13.86	-86.007
13.88	-85.996
13.9	-86.013
13.92	-86.021
13.94	-86.008
13.96	-86.003
13.98	-86.003
14	-86.005
14.02	-86.004
14.04	-86.016
14.06	-86.019
14.08	-86.02
14.1	-85.998
14.12	-86.008
14.14	-86.022
14.16	-86.018
14.18	-86.004
14.2	-86.004
14.22	-86.002
14.24	-86.007
14.26	-85.987
14.28	-86.004
14.3	-86.027
14.32	-86.014
14.34	-86
14.36	-86.001
14.38	-86.011
14.4	-86.014
14.42	-85.987
14.44	-86.001
14.46	-86.024
14.48	-86.017
14.5	-85.993
14.52	-85.997
14.54	-86.02
14.56	-86.005
14.58	-85.992
14.6	-85.999
14.62	-86.026
14.64	-86.008
14.66	-85.997
14.68	-85.999
14.7	-86.011
14.72	-86.011
14.74	-85.992
14.76	-85.994
14.78	-86.013
14.8	-86.006
14.82	-85.988
14.84	-85.992
14.86	-86.011
14.88	-86.013
14.9	-86.005
14.92	-86.008
14.94	-86.017
14.96	-86.011
14.98	-85.999
15	-86.012
15.02	-86.025
15.04	-86.011
15.06	-85.993
15.08	-86.005
15.1	-86.017
15.12	-86.007
15.14	-86.002
15.16	-85.993
15.18	-86.008
15.2	-85.999
15.22	-85.989
15.24	-86.005
15.26	-86.018
15.28	-85.995
15.3	-85.983
15.32	-85.985
15.34	-86.01
15.36	-86.012
15.38	-85.984
15.4	-85.998
15.42	-86.02
15.44	-86.002
15.46	-85.992
15.48	-86.014
15.5	-86.022
15.52	-86.016
15.54	-86.005
15.56	-86.022
15.58	-86.019
15.6	-86.007
15.62	-85.995
15.64	-86.007
15.66	-86.017
15.68	-86.001
15.7	-85.997
15.72	-85.992
15.74	-86.011
15.76	-86.002
15.78	-85.976
15.8	-86.016
15.82	-86.013
15.84	-85.992
15.86	-85.994
15.88	-85.999
15.9	-86.011
15.92	-86.004
15.94	-85.998
15.96	-86.003
15.98	-86.013
16	-86.005
16.02	-85.995
16.04	-86.012
16.06	-86.031
16.08	-86.009
16.1	-85.999
16.12	-86.004
16.14	-86.014
16.16	-86.004
16.18	-85.996
16.2	-86.007
16.22	-86.008
16.24	-86.004
16.26	-85.992
16.28	-85.996
16.3	-86.01
16.32	-85.992
16.34	-85.983
16.36	-86.006
16.38	-86.011
16.4	-85.999
16.42	-85.993
16.44	-86.008
16.46	-86.027
16.48	-86.006
16.5	-85.983
16.52	-86.017
16.54	-86.008
16.56	-85.99
16.58	-85.994
16.6	-86.007
16.62	-86.023
16.64	-86
16.66	-85.99
16.68	-86.004
16.7	-86.023
16.72	-85.983
16.74	-85.98
16.76	-86.004
16.78	-86.008
16.8	-85.985
16.82	-85.994
16.84	-86.016
16.86	-86.016
16.88	-85.996
16.9	-85.987
16.92	-86.01
16.94	-86.021
16.96	-85.994
16.98	-85.996
17	-86.024
17.02	-86.025
17.04	-86.002
17.06	-86.002
17.08	-86.015
17.1	-86.017
17.12	-85.997
17.14	-85.994
17.16	-86.023
17.18	-86.024
17.2	-85.988
17.22	-85.997
17.24	-86.01
17.26	-86.008
17.28	-85.975
17.3	-85.988
17.32	-85.997
17.34	-86.006
17.36	-85.997
17.38	-85.979
17.4	-86.002
17.42	-86.007
17.44	-86.002
17.46	-85.997
17.48	-86.014
17.5	-86.009
17.52	-86
17.54	-85.991
17.56	-86.007
17.58	-86.011
17.6	-85.999
17.62	-86.002
17.64	-86.008
17.66	-86.003
17.68	-85.986
17.7	-85.997
17.72	-86.024
17.74	-86.014
17.76	-85.987
17.78	-85.99
17.8	-86.027
17.82	-86.022
17.84	-85.968
17.86	-85.981
17.88	-86.018
17.9	-86.017
17.92	-85.983
17.94	-85.986
17.96	-86.005
17.98	-86.015
18	-85.994
18.02	-85.994
18.04	-86.017
18.06	-86
18.08	-85.983
18.1	-85.999
18.12	-86.019
18.14	-86.017
18.16	-85.999
18.18	-86
18.2	-86.018
18.22	-86.009
18.24	-85.988
18.26	-86.004
18.28	-86.016
18.3	-85.993
18.32	-85.98
18.34	-86.003
18.36	-86.001
18.38	-85.987
18.4	-85.987
18.42	-85.994
18.44	-86.007
18.46	-85.992
18.48	-85.981
18.5	-85.993
18.52	-86.008
18.54	-85.992
18.56	-85.992
18.58	-86.009
18.6	-86.031
18.62	-86.007
18.64	-85.979
18.66	-85.994
18.68	-86.011
18.7	-86.015
18.72	-85.987
18.74	-86.009
18.76	-86.024
18.78	-86.012
18.8	-85.985
18.82	-86.001
18.84	-86.01
18.86	-85.995
18.88	-85.98
18.9	-85.989
18.92	-86.004
18.94	-85.991
18.96	-85.981
18.98	-85.993
19	-86.014
19.02	-86.002
19.04	-85.987
19.06	-86.015
19.08	-86.02
19.1	-86.011
19.12	-85.989
19.14	-86.004
19.16	-86.03
19.18	-86.003
19.2	-85.984
19.22	-86.017
19.24	-86.022
19.26	-85.985
19.28	-85.971
19.3	-86
19.32	-86.007
19.34	-85.981
19.36	-85.997
19.38	-86.006
19.4	-86
19.42	-85.988
19.44	-85.991
19.46	-86.006
19.48	-86.014
19.5	-85.998
19.52	-85.996
19.54	-86.017
19.56	-86.032
19.58	-86.002
19.6	-85.988
19.62	-86.014
19.64	-86.025
19.66	-85.992
19.68	-85.996
19.7	-85.998
19.72	-86.006
19.74	-85.997
19.76	-85.98
19.78	-85.995
19.8	-86.011
19.82	-85.985
19.84	-85.98
19.86	-85.995
19.88	-86.007
19.9	-85.992
19.92	-85.98
19.94	-86.017
19.96	-86.019
19.98	-86
20	-86.003
20.02	-86.013
20.04	-86.028
20.06	-85.998
20.08	-86.003
20.1	-86.025
20.12	-86.019
20.14	-85.995
20.16	-85.989
20.18	-86.017
20.2	-86
20.22	-85.984
20.24	-85.995
20.26	-86.004
20.28	-86.004
20.3	-85.978
20.32	-85.989
20.34	-86.011
20.36	-86.017
20.38	-85.984
20.4	-85.976
20.42	-86.005
20.44	-86.01
20.46	-85.976
20.48	-85.985
20.5	-86.019
20.52	-86.009
20.54	-85.994
20.56	-85.983
20.58	-86.014
20.6	-86.009
20.62	-85.998
20.64	-86.001
20.66	-86.02
20.68	-86.01
20.7	-85.998
20.72	-85.999
20.74	-86.009
20.76	-86.016
20.78	-85.99
20.8	-85.987
20.82	-86.009
20.84	-85.999
20.86	-85.982
20.88	-85.979
20.9	-86.014
20.92	-86
20.94	-85.996
20.96	-85.996
20.98	-86.008
21	-86.01
21.02	-85.987
21.04	-86.001
21.06	-86.009
21.08	-86.005
21.1	-85.981
21.12	-86.001
21.14	-86.016
21.16	-86.007
21.18	-85.99
21.2	-86
21.22	-86.019
21.24	-85.995
21.26	-85.968
21.28	-85.987
21.3	-86.015
21.32	-86.001
21.34	-85.984
21.36	-85.987
21.38	-86.02
21.4	-86.005
21.42	-85.975
21.44	-85.989
21.46	-86.028
21.48	-86.02
21.5	-85.985
21.52	-86.002
21.54	-86.021
21.56	-86.01
21.58	-85.999
21.6	-85.996
21.62	-86.012
21.64	-86.012
21.66	-85.983
21.68	-85.997
21.7	-86.004
21.72	-85.995
21.74	-85.982
21.76	-85.985
21.78	-86.013
21.8	-86.002
21.82	-85.979
21.84	-85.998
21.86	-86.01
21.88	-85.994
21.9	-85.98
21.92	-86.004
21.94	-86.012
21.96	-86.008
21.98	-85.99
22	-85.992
22.02	-86.018
22.04	-85.999
22.06	-85.965
22.08	-85.986
22.1	-86.014
22.12	-85.983
22.14	-85.971
22.16	-85.994
22.18	-86.009
22.2	-85.999
22.22	-85.992
22.24	-86.012
22.26	-86.013
22.28	-86.008
22.3	-85.988
22.32	-85.998
22.34	-86.013
22.36	-85.99
22.38	-85.978
22.4	-86
22.42	-86.011
22.44	-85.994
22.46	-85.983
22.48	-85.995
22.5	-86.009
22.52	-86.008
22.54	-85.984
22.56	-85.994
22.58	-86.011
22.6	-85.999
22.62	-85.99
22.64	-86.003
22.66	-86.016
22.68	-85.999
22.7	-85.988
22.72	-86.008
22.74	-86.026
22.76	-85.991
22.78	-85.99
22.8	-86.008
22.82	-85.994
22.84	-85.995
22.86	-85.99
22.88	-86.01
22.9	-86.015
22.92	-85.991
22.94	-85.989
22.96	-85.993
22.98	-86.014
23	-85.997
23.02	-85.973
23.04	-86.004
23.06	-86.019
23.08	-85.995
23.1	-85.977
23.12	-86.014
23.14	-86.009
23.16	-85.987
23.18	-85.998
23.2	-86.014
23.22	-86.015
23.24	-86.003
23.26	-86
23.28	-86.002
23.3	-86.016
23.32	-85.998
23.34	-85.988
23.36	-86.006
23.38	-86.015
23.4	-85.992
23.42	-85.997
23.44	-86.016
23.46	-86.008
23.48	-85.997
23.5	-85.987
23.52	-86.017
23.54	-86.004
23.56	-85.994
23.58	-85.978
23.6	-86.004
23.62	-86.013
23.64	-85.984
23.66	-85.984
23.68	-86.002
23.7	-86.017
23.72	-86.001
23.74	-85.982
23.76	-86.009
23.78	-86.025
23.8	-86.003
23.82	-85.995
23.84	-86.012
23.86	-86.007
23.88	-85.986
23.9	-85.998
23.92	-86.017
23.94	-85.998
23.96	-85.993
23.98	-86.006
24	-86.012
24.02	-86.008
24.04	-85.982
24.06	-85.98
24.08	-85.993
24.1	-86.01
24.12	-85.989
24.14	-85.986
24.16	-86.014
24.18	-86.003
24.2	-85.99
24.22	-86.004
24.24	-86.017
24.26	-86.01
24.28	-85.998
24.3	-85.999
24.32	-86.017
24.34	-86.004
24.36	-85.981
24.38	-85.988
24.4	-86.017
24.42	-86.013
24.44	-85.98
24.46	-85.987
24.48	-86.017
24.5	-86.005
24.52	-85.981
24.54	-85.986
24.56	-86.004
24.58	-86.004
24.6	-85.978
24.62	-85.994
24.64	-86.006
24.66	-86.004
24.68	-85.985
24.7	-85.998
24.72	-86.02
24.74	-86.006
24.76	-85.986
24.78	-86.007
24.8	-86.009
24.82	-86
24.84	-85.994
24.86	-86.003
24.88	-86.018
24.9	-86.004
24.92	-85.993
24.94	-85.985
24.96	-86
24.98	-85.992
25	-85.974
25.02	-85.987
25.04	-86.011
25.06	-85.998
25.08	-85.968
25.1	-85.98
25.12	-86.009
25.14	-85.995
25.16	-85.989
25.18	-85.98
25.2	-86
25.22	-86.013
25.24	-85.988
25.26	-85.989
25.28	-86.012
25.3	-85.998
25.32	-85.995
25.34	-85.995
25.36	-86.023
25.38	-86
25.4	-85.987
25.42	-85.988
25.44	-86.007
25.46	-85.991
25.48	-85.983
25.5	-85.998
25.52	-86.006
25.54	-86
25.56	-85.97
25.58	-85.991
25.6	-86.003
25.62	-85.993
25.64	-85.979
25.66	-85.985
25.68	-86.003
25.7	-85.994
25.72	-85.982
25.74	-85.999
25.76	-86.003
25.78	-85.991
25.8	-85.979
25.82	-86.007
25.84	-86.01
25.86	-86.002
25.88	-85.978
25.9	-85.996
25.92	-86.002
25.94	-85.995
25.96	-85.981
25.98	-85.988
26	-85.985
26.02	-85.979
26.04	-85.967
26.06	-85.986
26.08	-85.999
26.1	-85.985
26.12	-85.968
26.14	-85.989
26.16	-86.008
26.18	-86.004
26.2	-85.989
26.22	-85.995
26.24	-86.01
26.26	-85.99
26.28	-85.982
26.3	-86.003
26.32	-86.006
26.34	-85.994
26.36	-85.979
26.38	-85.999
26.4	-86.023
26.42	-85.986
26.44	-85.963
26.46	-85.989
26.48	-85.994
26.5	-85.998
26.52	-85.977
26.54	-85.997
26.56	-86.012
26.58	-85.987
26.6	-85.975
26.62	-85.99
26.64	-85.998
26.66	-85.982
26.68	-85.967
26.7	-86.003
26.72	-86.006
26.74	-85.977
26.76	-85.982
26.78	-86.005
26.8	-85.992
26.82	-85.987
26.84	-85.996
26.86	-86.01
26.88	-86.002
26.9	-85.977
26.92	-85.991
26.94	-85.995
26.96	-85.998
26.98	-85.994
27	-85.971
27.02	-85.988
27.04	-84.542
27.06	-83.182
27.08	-85.81
27.1	-86.047
27.12	-85.968
27.14	-85.922
27.16	-85.896
27.18	-85.893
27.2	-85.876
27.22	-85.842
27.24	-85.808
27.26	-85.81
27.28	-85.8
27.3	-85.734
27.32	-85.711
27.34	-85.709
27.36	-85.688
27.38	-85.661
27.4	-85.63
27.42	-85.626
27.44	-85.6
27.46	-85.561
27.48	-85.534
27.5	-85.536
27.52	-85.528
27.54	-85.471
27.56	-85.458
27.58	-85.446
27.6	-85.441
27.62	-85.402
27.64	-85.379
27.66	-85.387
27.68	-85.365
27.7	-85.344
27.72	-85.318
27.74	-85.322
27.76	-85.299
27.78	-85.275
27.8	-85.253
27.82	-85.239
27.84	-85.239
27.86	-85.229
27.88	-85.193
27.9	-85.216
27.92	-85.197
27.94	-85.148
27.96	-85.148
27.98	-85.142
28	-85.123
28.02	-85.096
28.04	-85.084
28.06	-85.081
28.08	-85.069
28.1	-85.048
28.12	-85.035
28.14	-85.025
28.16	-85.011
28.18	-84.989
28.2	-84.987
28.22	-84.986
28.24	-84.961
28.26	-84.93
28.28	-84.926
28.3	-84.941
28.32	-84.907
28.34	-84.88
28.36	-84.889
28.38	-84.913
28.4	-84.889
28.42	-84.85
28.44	-84.85
28.46	-84.847
28.48	-84.829
28.5	-84.808
28.52	-84.816
28.54	-84.811
28.56	-84.78
28.58	-84.754
28.6	-84.754
28.62	-84.762
28.64	-84.732
28.66	-84.698
28.68	-84.702
28.7	-84.707
28.72	-84.685
28.74	-84.657
28.76	-84.662
28.78	-84.67
28.8	-84.665
28.82	-84.631
28.84	-84.629
28.86	-84.652
28.88	-84.617
28.9	-84.59
28.92	-84.601
28.94	-84.606
28.96	-84.592
28.98	-84.564
29	-84.568
29.02	-84.571
29.04	-86.073
29.06	-87.227
29.08	-84.631
29.1	-84.489
29.12	-84.557
29.14	-84.536
29.16	-84.54
29.18	-84.579
29.2	-84.581
29.22	-84.593
29.24	-84.615
29.26	-84.647
29.28	-84.666
29.3	-84.677
29.32	-84.685
29.34	-84.716
29.36	-84.747
29.38	-84.731
29.4	-84.746
29.42	-84.779
29.44	-84.773
29.46	-84.77
29.48	-84.804
29.5	-84.811
29.52	-84.8
29.54	-84.812
29.56	-84.836
29.58	-84.85
29.6	-84.834
29.62	-84.831
29.64	-84.873
29.66	-84.884
29.68	-84.866
29.7	-84.893
29.72	-84.915
29.74	-84.917
29.76	-84.909
29.78	-84.917
29.8	-84.939
29.82	-84.959
29.84	-84.958
29.86	-84.949
29.88	-84.981
29.9	-85.002
29.92	-84.98
29.94	-84.971
29.96	-85.005
29.98	-85.004
30	-84.991
30.02	-84.994
30.04	-85.013
30.06	-85.03
30.08	-85.03
30.1	-85.008
30.12	-85.018
30.14	-85.044
30.16	-85.044
30.18	-85.034
30.2	-85.053
30.22	-85.075
30.24	-85.064
30.26	-85.054
30.28	-85.074
30.3	-85.087
30.32	-85.082
30.34	-85.074
30.36	-85.109
30.38	-85.108
30.4	-85.106
30.42	-85.096
30.44	-85.119
30.46	-85.109
30.48	-85.105
30.5	-85.11
30.52	-85.129
30.54	-85.13
30.56	-85.116
30.58	-85.117
30.6	-85.143
30.62	-85.15
30.64	-85.123
30.66	-85.135
30.68	-85.158
30.7	-85.159
30.72	-85.146
30.74	-85.142
30.76	-85.165
30.78	-85.166
30.8	-85.161
30.82	-85.159
30.84	-85.179
30.86	-85.203
30.88	-85.177
30.9	-85.179
30.92	-85.202
30.94	-85.207
30.96	-85.181
30.98	-85.183
31	-85.203
31.02	-85.201
31.04	-85.197
31.06	-85.181
31.08	-85.206
31.1	-85.218
31.12	-85.198
31.14	-85.202
31.16	-85.218
31.18	-85.216
31.2	-85.205
31.22	-85.215
31.24	-85.237
31.26	-85.224
31.28	-85.214
31.3	-85.215
31.32	-85.244
31.34	-85.251
31.36	-85.217
31.38	-85.233
31.4	-85.259
31.42	-85.237
31.44	-85.234
31.46	-85.242
31.48	-85.257
31.5	-85.265
31.52	-85.237
31.54	-85.241
31.56	-85.263
31.58	-85.27
31.6	-85.249
31.62	-85.254
31.64	-85.277
31.66	-85.271
31.68	-85.252
31.7	-85.263
31.72	-85.301
31.74	-85.287
31.76	-85.272
31.78	-85.274
31.8	-85.295
31.82	-85.294
31.84	-85.275
31.86	-85.287
31.88	-85.299
31.9	-85.293
31.92	-85.289
31.94	-85.302
31.96	-85.307
31.98	-85.304
32	-85.289
32.02	-85.299
32.04	-85.297
32.06	-85.3
32.08	-85.303
32.1	-85.295
32.12	-85.315
32.14	-85.321
32.16	-85.294
32.18	-85.302
32.2	-85.328
32.22	-85.328
32.24	-85.312
32.26	-85.317
32.28	-85.327
32.3	-85.324
32.32	-85.296
32.34	-85.315
32.36	-85.33
32.38	-85.32
32.4	-85.321
32.42	-85.333
32.44	-85.345
32.46	-85.34
32.48	-85.322
32.5	-85.334
32.52	-85.351
32.54	-85.334
32.56	-85.328
32.58	-85.332
32.6	-85.358
32.62	-85.354
32.64	-85.321
32.66	-85.34
32.68	-85.359
32.7	-85.345
32.72	-85.328
32.74	-85.353
32.76	-85.359
32.78	-85.344
32.8	-85.341
32.82	-85.357
32.84	-85.369
32.86	-85.351
32.88	-85.339
32.9	-85.365
32.92	-85.377
32.94	-85.364
32.96	-85.342
32.98	-85.371
33	-85.388
33.02	-85.37
33.04	-85.354
33.06	-85.374
33.08	-85.391
33.1	-85.376
33.12	-85.373
33.14	-85.382
33.16	-85.378
33.18	-85.371
33.2	-85.363
33.22	-85.371
33.24	-85.375
33.26	-85.373
33.28	-85.363
33.3	-85.38
33.32	-85.4
33.34	-85.39
33.36	-85.373
33.38	-85.39
33.4	-85.403
33.42	-85.389
33.44	-85.374
33.46	-85.394
33.48	-85.401
33.5	-85.38
33.52	-85.374
33.54	-85.397
33.56	-85.414
33.58	-85.39
33.6	-85.382
33.62	-85.408
33.64	-85.428
33.66	-85.4
33.68	-85.394
33.7	-85.406
33.72	-85.42
33.74	-85.407
33.76	-85.394
33.78	-85.404
33.8	-85.418
33.82	-85.405
33.84	-85.388
33.86	-85.404
33.88	-85.414
33.9	-85.401
33.92	-85.397
33.94	-85.411
33.96	-85.414
33.98	-85.396
34	-85.393
34.02	-85.416
34.04	-85.429
34.06	-85.406
34.08	-85.408
34.1	-85.44
34.12	-85.432
34.14	-85.415
34.16	-85.428
34.18	-85.438
34.2	-85.442
34.22	-85.425
34.24	-85.398
34.26	-85.425
34.28	-85.444
34.3	-85.421
34.32	-85.414
34.34	-85.424
34.36	-85.437
34.38	-85.424
34.4	-85.411
34.42	-85.436
34.44	-85.437
34.46	-85.406
34.48	-85.41
34.5	-85.437
34.52	-85.453
34.54	-85.417
34.56	-85.424
34.58	-85.445
34.6	-85.447
34.62	-85.438
34.64	-85.432
34.66	-85.452
34.68	-85.462
34.7	-85.434
34.72	-85.432
34.74	-85.457
34.76	-85.445
34.78	-85.426
34.8	-85.448
34.82	-85.461
34.84	-85.463
34.86	-85.438
34.88	-85.429
34.9	-85.46
34.92	-85.448
34.94	-85.444
34.96	-85.45
34.98	-85.471
35	-85.465
35.02	-85.446
35.04	-85.454
35.06	-85.461
35.08	-85.457
35.1	-85.447
35.12	-85.458
35.14	-85.482
35.16	-85.478
35.18	-85.453
35.2	-85.48
35.22	-85.476
35.24	-85.474
35.26	-85.448
35.28	-85.453
35.3	-85.487
35.32	-85.476
35.34	-85.451
35.36	-85.455
35.38	-85.479
35.4	-85.469
35.42	-85.451
35.44	-85.456
35.46	-85.478
35.48	-85.477
35.5	-85.459
35.52	-85.458
35.54	-85.484
35.56	-85.483
35.58	-85.465
35.6	-85.477
35.62	-85.507
35.64	-85.482
35.66	-85.46
35.68	-85.48
35.7	-85.504
35.72	-85.492
35.74	-85.463
35.76	-85.471
35.78	-85.494
35.8	-85.491
35.82	-85.47
35.84	-85.482
35.86	-85.492
35.88	-85.484
35.9	-85.467
35.92	-85.483
35.94	-85.491
35.96	-85.487
35.98	-85.48
36	-85.474
36.02	-85.496
36.04	-85.5
36.06	-85.475
36.08	-85.489
36.1	-85.509
36.12	-85.49
36.14	-85.484
36.16	-85.503
36.18	-85.522
36.2	-85.505
36.22	-85.494
36.24	-85.504
36.26	-85.513
36.28	-85.505
36.3	-85.479
36.32	-85.503
36.34	-85.521
36.36	-85.489
36.38	-85.484
36.4	-85.502
36.42	-85.503
36.44	-85.491
36.46	-85.5
36.48	-85.499
36.5	-85.516
36.52	-85.506
36.54	-85.487
36.56	-85.503
36.58	-85.51
36.6	-85.508
36.62	-85.496
36.64	-85.505
36.66	-85.522
36.68	-85.508
36.7	-85.505
36.72	-85.521
36.74	-85.532
36.76	-85.518
36.78	-85.495
36.8	-85.508
36.82	-85.527
36.84	-85.505
36.86	-85.503
36.88	-85.525
36.9	-85.539
36.92	-85.518
36.94	-85.491
36.96	-85.504
36.98	-85.535
37	-85.516
37.02	-85.493
37.04	-85.523
37.06	-85.552
37.08	-85.523
37.1	-85.502
37.12	-85.53
37.14	-85.541
37.16	-85.525
37.18	-85.519
37.2	-85.53
37.22	-85.546
37.24	-85.533
37.26	-85.515
37.28	-85.535
37.3	-85.554
37.32	-85.526
37.34	-85.51
37.36	-85.54
37.38	-85.53
37.4	-85.514
37.42	-85.523
37.44	-85.533
37.46	-85.525
37.48	-85.512
37.5	-85.513
37.52	-85.537
37.54	-85.54
37.56	-85.517
37.58	-85.531
37.6	-85.536
37.62	-85.542
37.64	-85.521
37.66	-85.521
37.68	-85.541
37.7	-85.557
37.72	-85.55
37.74	-85.529
37.76	-85.543
37.78	-85.562
37.8	-85.538
37.82	-85.526
37.84	-85.559
37.86	-85.557
37.88	-85.527
37.9	-85.527
37.92	-85.557
37.94	-85.562
37.96	-85.535
37.98	-85.522
38	-85.547
38.02	-85.55
38.04	-85.549
38.06	-85.526
38.08	-85.542
38.1	-85.56
38.12	-85.537
38.14	-85.531
38.16	-85.563
38.18	-85.556
38.2	-85.542
38.22	-85.545
38.24	-85.568
38.26	-85.553
38.28	-85.547
38.3	-85.56
38.32	-85.557
38.34	-85.558
38.36	-85.536
38.38	-85.554
38.4	-85.573
38.42	-85.553
38.44	-85.539
38.46	-85.536
38.48	-85.569
38.5	-85.573
38.52	-85.533
38.54	-85.538
38.56	-85.57
38.58	-85.572
38.6	-85.542
38.62	-85.537
38.64	-85.58
38.66	-85.566
38.68	-85.546
38.7	-85.558
38.72	-85.58
38.74	-85.589
38.76	-85.552
38.78	-85.567
38.8	-85.591
38.82	-85.581
38.84	-85.554
38.86	-85.557
38.88	-85.574
38.9	-85.575
38.92	-85.556
38.94	-85.544
38.96	-85.581
38.98	-85.58
39	-85.554
39.02	-85.556
39.04	-85.577
39.06	-85.569
39.08	-85.56
39.1	-85.565
39.12	-85.591
39.14	-85.584
39.16	-85.568
39.18	-85.584
39.2	-85.593
39.22	-85.581
39.24	-85.565
39.26	-85.574
39.28	-85.599
39.3	-85.571
39.32	-85.557
39.34	-85.582
39.36	-85.597
39.38	-85.59
39.4	-85.559
39.42	-85.568
39.44	-85.591
39.46	-85.578
39.48	-85.552
39.5	-85.569
39.52	-85.6
39.54	-85.584
39.56	-85.559
39.58	-85.585
39.6	-85.594
39.62	-85.577
39.64	-85.564
39.66	-85.564
39.68	-85.601
39.7	-85.593
39.72	-85.574
39.74	-85.595
39.76	-85.6
39.78	-85.588
39.8	-85.561
39.82	-85.591
39.84	-85.612
39.86	-85.588
39.88	-85.582
39.9	-85.581
39.92	-85.593
39.94	-85.58
39.96	-85.581
39.98	-85.588
40	-85.588
40.02	-85.577
40.04	-85.581
40.06	-85.593
40.08	-85.601
40.1	-85.591
40.12	-85.575
40.14	-85.598
40.16	-85.608
40.18	-85.59
40.2	-85.579
40.22	-85.606
40.24	-85.618
40.26	-85.596
40.28	-85.587
40.3	-85.593
40.32	-85.621
40.34	-85.598
40.36	-85.575
40.38	-85.599
40.4	-85.606
40.42	-85.592
40.44	-85.578
40.46	-85.605
40.48	-85.62
40.5	-85.596
40.52	-85.583
40.54	-85.616
40.56	-85.62
40.58	-85.598
40.6	-85.581
40.62	-85.603
40.64	-85.62
40.66	-85.607
40.68	-85.584
40.7	-85.597
40.72	-85.619
40.74	-85.617
40.76	-85.601
40.78	-85.612
40.8	-85.621
40.82	-85.61
40.84	-85.603
40.86	-85.618
40.88	-85.627
40.9	-85.622
40.92	-85.614
40.94	-85.618
40.96	-85.62
40.98	-85.598
41	-85.603
41.02	-85.617
41.04	-85.619
41.06	-85.606
41.08	-85.603
41.1	-85.621
41.12	-85.629
41.14	-85.608
41.16	-85.606
41.18	-85.629
41.2	-85.632
41.22	-85.604
41.24	-85.601
41.26	-85.625
41.28	-85.639
41.3	-85.62
41.32	-85.618
41.34	-85.638
41.36	-85.626
41.38	-85.608
41.4	-85.592
41.42	-85.626
41.44	-85.621
41.46	-85.613
41.48	-85.611
41.5	-85.614
41.52	-85.616
41.54	-85.604
41.56	-85.609
41.58	-85.623
41.6	-85.632
41.62	-85.605
41.64	-85.613
41.66	-85.65
41.68	-85.641
41.7	-85.624
41.72	-85.628
41.74	-85.638
41.76	-85.632
41.78	-85.621
41.8	-85.631
41.82	-85.641
41.84	-85.622
41.86	-85.625
41.88	-85.616
41.9	-85.63
41.92	-85.644
41.94	-85.623
41.96	-85.625
41.98	-85.653
42	-85.644
42.02	-85.619
42.04	-85.635
42.06	-85.648
42.08	-85.643
42.1	-85.615
42.12	-85.628
42.14	-85.658
42.16	-85.648
42.18	-85.624
42.2	-85.63
42.22	-85.648
42.24	-85.64
42.26	-85.618
42.28	-85.632
42.3	-85.658
42.32	-85.647
42.34	-85.625
42.36	-85.632
42.38	-85.643
42.4	-85.643
42.42	-85.619
42.44	-85.626
42.46	-85.654
42.48	-85.644
42.5	-85.627
42.52	-85.631
42.54	-85.655
42.56	-85.647
42.58	-85.638
42.6	-85.644
42.62	-85.649
42.64	-85.635
42.66	-85.638
42.68	-85.641
42.7	-85.664
42.72	-85.647
42.74	-85.624
42.76	-85.65
42.78	-85.654
42.8	-85.648
42.82	-85.639
42.84	-85.649
42.86	-85.671
42.88	-85.657
42.9	-85.637
42.92	-85.654
42.94	-85.665
42.96	-85.66
42.98	-85.642
43	-85.641
43.02	-85.656
43.04	-85.657
43.06	-85.629
43.08	-85.639
43.1	-85.662
43.12	-85.651
43.14	-85.635
43.16	-85.653
43.18	-85.672
43.2	-85.658
43.22	-85.65
43.24	-85.648
43.26	-85.665
43.28	-85.66
43.3	-85.64
43.32	-85.648
43.34	-85.668
43.36	-85.663
43.38	-85.649
43.4	-85.659
43.42	-85.684
43.44	-85.671
43.46	-85.645
43.48	-85.655
43.5	-85.673
43.52	-85.659
43.54	-85.643
43.56	-85.664
43.58	-85.67
43.6	-85.662
43.62	-85.643
43.64	-85.668
43.66	-85.689
43.68	-85.662
43.7	-85.638
43.72	-85.659
43.74	-85.685
43.76	-85.669
43.78	-85.644
43.8	-85.666
43.82	-85.686
43.84	-85.657
43.86	-85.646
43.88	-85.672
43.9	-85.688
43.92	-85.663
43.94	-85.661
43.96	-85.683
43.98	-85.683
44	-85.688
44.02	-85.663
44.04	-85.667
44.06	-85.705
44.08	-85.67
44.1	-85.651
44.12	-85.673
44.14	-85.677
44.16	-85.665
44.18	-85.656
44.2	-85.677
44.22	-85.684
44.24	-85.657
44.26	-85.656
44.28	-85.67
44.3	-85.684
44.32	-85.67
44.34	-85.654
44.36	-85.676
44.38	-85.688
44.4	-85.676
44.42	-85.67
44.44	-85.687
44.46	-85.69
44.48	-85.668
44.5	-85.673
44.52	-85.687
44.54	-85.694
44.56	-85.667
44.58	-85.66
44.6	-85.692
44.62	-85.699
44.64	-85.672
44.66	-85.662
44.68	-85.685
44.7	-85.678
44.72	-85.659
44.74	-85.665
44.76	-85.688
44.78	-85.693
44.8	-85.667
44.82	-85.668
44.84	-85.693
44.86	-85.699
44.88	-85.674
44.9	-85.672
44.92	-85.692
44.94	-85.701
44.96	-85.681
44.98	-85.678
45	-85.703
45.02	-85.705
45.04	-85.682
45.06	-85.685
45.08	-85.701
45.1	-85.695
45.12	-85.666
45.14	-85.681
45.16	-85.704
45.18	-85.691
45.2	-85.673
45.22	-85.691
45.24	-85.696
45.26	-85.708
45.28	-85.681
45.3	-85.677
45.32	-85.701
45.34	-85.704
45.36	-85.667
45.38	-85.681
45.4	-85.714
45.42	-85.695
45.44	-85.687
45.46	-85.708
45.48	-85.707
45.5	-85.708
45.52	-85.688
45.54	-85.697
45.56	-85.703
45.58	-85.695
45.6	-85.679
45.62	-85.682
45.64	-85.704
45.66	-85.706
45.68	-85.672
45.7	-85.677
45.72	-85.703
45.74	-85.696
45.76	-85.685
45.78	-85.694
45.8	-85.698
45.82	-85.714
45.84	-85.685
45.86	-85.694
45.88	-85.712
45.9	-85.709
45.92	-85.7
45.94	-85.705
45.96	-85.734
45.98	-85.705
46	-85.693
46.02	-85.709
46.04	-85.714
46.06	-85.721
46.08	-85.685
46.1	-85.689
46.12	-85.717
46.14	-85.703
46.16	-85.695
46.18	-85.706
46.2	-85.721
46.22	-85.713
46.24	-85.687
46.26	-85.697
46.28	-85.704
46.3	-85.707
46.32	-85.685
46.34	-85.7
46.36	-85.72
46.38	-85.707
46.4	-85.691
46.42	-85.708
46.44	-85.722
46.46	-85.71
46.48	-85.698
46.5	-85.719
46.52	-85.714
46.54	-85.704
46.56	-85.699
46.58	-85.717
46.6	-85.713
46.62	-85.694
46.64	-85.687
46.66	-85.703
46.68	-85.723
46.7	-85.707
46.72	-85.697
46.74	-85.701
46.76	-85.718
46.78	-85.709
46.8	-85.703
46.82	-85.712
46.84	-85.728
46.86	-85.713
46.88	-85.695
46.9	-85.719
46.92	-85.74
46.94	-85.713
46.96	-85.705
46.98	-85.724
47	-85.735
47.02	-85.719
47.04	-85.708
47.06	-85.727
47.08	-85.732
47.1	-85.713
47.12	-85.708
47.14	-85.729
47.16	-85.74
47.18	-85.723
47.2	-85.709
47.22	-85.726
47.24	-85.743
47.26	-85.714
47.28	-85.707
47.3	-85.723
47.32	-85.74
47.34	-85.713
47.36	-85.718
47.38	-85.744
47.4	-85.737
47.42	-85.72
47.44	-85.708
47.46	-85.736
47.48	-85.752
47.5	-85.723
47.52	-85.704
47.54	-85.729
47.56	-85.737
47.58	-85.716
47.6	-85.726
47.62	-85.749
47.64	-85.733
47.66	-85.726
47.68	-85.721
47.7	-85.732
47.72	-85.742
47.74	-85.723
47.76	-85.714
47.78	-85.736
47.8	-85.732
47.82	-85.712
47.84	-85.719
47.86	-85.746
47.88	-85.744
47.9	-85.717
47.92	-85.709
47.94	-85.738
47.96	-85.742
47.98	-85.705
48	-85.712
48.02	-85.753
48.04	-85.744
48.06	-85.721
48.08	-85.727
48.1	-85.753
48.12	-85.752
48.14	-85.734
48.16	-85.728
48.18	-85.752
48.2	-85.741
48.22	-85.719
48.24	-85.717
48.26	-85.741
48.28	-85.74
48.3	-85.72
48.32	-85.72
48.34	-85.74
48.36	-85.741
48.38	-85.734
48.4	-85.726
48.42	-85.73
48.44	-85.736
48.46	-85.725
48.48	-85.733
48.5	-85.762
48.52	-85.758
48.54	-85.736
48.56	-85.74
48.58	-85.757
48.6	-85.751
48.62	-85.739
48.64	-85.732
48.66	-85.744
48.68	-85.749
48.7	-85.74
48.72	-85.733
48.74	-85.741
48.76	-85.753
48.78	-85.721
48.8	-85.722
48.82	-85.74
48.84	-85.739
48.86	-85.708
48.88	-85.725
48.9	-85.746
48.92	-85.745
48.94	-85.725
48.96	-85.737
48.98	-85.758
49	-85.755
49.02	-85.742
49.04	-85.749
49.06	-85.765
49.08	-85.765
49.1	-85.748
49.12	-85.746
49.14	-85.767
49.16	-85.756
49.18	-85.731
49.2	-85.761
49.22	-85.762
49.24	-85.75
49.26	-85.72
49.28	-85.736
49.3	-85.744
49.32	-85.745
49.34	-85.732
49.36	-85.737
49.38	-85.753
49.4	-85.745
49.42	-85.744
49.44	-85.747
49.46	-85.764
49.48	-85.766
49.5	-85.745
49.52	-85.751
49.54	-85.771
49.56	-85.759
49.58	-85.749
49.6	-85.759
49.62	-85.773
49.64	-85.757
49.66	-85.755
49.68	-85.75
49.7	-85.756
49.72	-85.758
49.74	-85.725
49.76	-85.736
49.78	-85.759
49.8	-85.739
49.82	-85.732
49.84	-85.742
49.86	-85.768
49.88	-85.751
49.9	-85.737
49.92	-85.744
49.94	-85.769
49.96	-85.755
49.98	-85.738
50	-85.761
50.02	-85.784
50.04	-85.761
50.06	-85.744
50.08	-85.764
50.1	-85.771
50.12	-85.763
50.14	-85.75
50.16	-85.755
50.18	-85.771
50.2	-85.757
50.22	-85.741
50.24	-85.751
50.26	-85.76
50.28	-85.755
50.3	-85.743
50.32	-85.756
50.34	-85.766
50.36	-85.764
50.38	-85.761
50.4	-85.758
50.42	-85.76
50.44	-85.748
50.46	-85.751
50.48	-85.762
50.5	-85.781
50.52	-85.76
50.54	-85.751
50.56	-85.758
50.58	-85.761
50.6	-85.75
50.62	-85.755
50.64	-85.752
50.66	-85.778
50.68	-85.759
50.7	-85.753
50.72	-85.766
50.74	-85.773
50.76	-85.753
50.78	-85.742
50.8	-85.761
50.82	-85.773
50.84	-85.758
50.86	-85.747
50.88	-85.777
50.9	-85.771
50.92	-85.762
50.94	-85.755
50.96	-85.779
50.98	-85.778
51	-85.756
51.02	-85.763
51.04	-85.777
51.06	-85.779
51.08	-85.774
51.1	-85.756
51.12	-85.777
51.14	-85.776
51.16	-85.773
51.18	-85.75
51.2	-85.776
51.22	-85.77
51.24	-85.747
51.26	-85.758
51.28	-85.779
51.3	-85.775
51.32	-85.754
51.34	-85.758
51.36	-85.773
51.38	-85.773
51.4	-85.758
51.42	-85.752
51.44	-85.768
51.46	-85.776
51.48	-85.756
51.5	-85.757
51.52	-85.781
51.54	-85.776
51.56	-85.767
51.58	-85.762
51.6	-85.775
51.62	-85.787
51.64	-85.764
51.66	-85.759
51.68	-85.788
51.7	-85.777
51.72	-85.759
51.74	-85.758
51.76	-85.787
51.78	-85.793
51.8	-85.762
51.82	-85.765
51.84	-85.786
51.86	-85.778
51.88	-85.756
51.9	-85.76
51.92	-85.79
51.94	-85.79
51.96	-85.77
51.98	-85.766
52	-85.781
52.02	-85.783
52.04	-85.766
52.06	-85.775
52.08	-85.784
52.1	-85.768
52.12	-85.775
52.14	-85.786
52.16	-85.786
52.18	-85.791
52.2	-85.778
52.22	-85.784
52.24	-85.795
52.26	-85.784
52.28	-85.764
52.3	-85.766
52.32	-85.793
52.34	-85.792
52.36	-85.764
52.38	-85.774
52.4	-85.792
52.42	-85.787
52.44	-85.764
52.46	-85.762
52.48	-85.786
52.5	-85.786
52.52	-85.756
52.54	-85.763
52.56	-85.799
52.58	-85.791
52.6	-85.76
52.62	-85.762
52.64	-85.776
52.66	-85.776
52.68	-85.768
52.7	-85.768
52.72	-85.788
52.74	-85.792
52.76	-85.772
52.78	-85.777
52.8	-85.788
52.82	-85.773
52.84	-85.769
52.86	-85.781
52.88	-85.784
52.9	-85.783
52.92	-85.777
52.94	-85.774
52.96	-85.784
52.98	-85.779
53	-85.774
53.02	-85.775
53.04	-85.785
53.06	-85.784
53.08	-85.768
53.1	-85.78
53.12	-85.798
53.14	-85.789
53.16	-85.774
53.18	-85.788
53.2	-85.811
53.22	-85.788
53.24	-85.777
53.26	-85.788
53.28	-85.794
53.3	-85.788
53.32	-85.771
53.34	-85.784
53.36	-85.798
53.38	-85.808
53.4	-85.778
53.42	-85.776
53.44	-85.81
53.46	-85.803
53.48	-85.775
53.5	-85.778
53.52	-85.793
53.54	-85.807
53.56	-85.783
53.58	-85.789
53.6	-85.802
53.62	-85.799
53.64	-85.784
53.66	-85.785
53.68	-85.809
53.7	-85.801
53.72	-85.786
53.74	-85.804
53.76	-85.807
53.78	-85.802
53.8	-85.79
53.82	-85.793
53.84	-85.81
53.86	-85.79
53.88	-85.791
53.9	-85.802
53.92	-85.808
53.94	-85.783
53.96	-85.778
53.98	-85.801
54	-85.809
54.02	-85.785
54.04	-85.78
54.06	-85.799
54.08	-85.801
54.1	-85.791
54.12	-85.79
54.14	-85.792
54.16	-85.807
54.18	-85.791
54.2	-85.778
54.22	-85.797
54.24	-85.82
54.26	-85.81
54.28	-85.793
54.3	-85.811
54.32	-85.813
54.34	-85.795
54.36	-85.791
54.38	-85.805
54.4	-85.8
54.42	-85.797
54.44	-85.791
54.46	-85.8
54.48	-85.812
54.5	-85.794
54.52	-85.793
54.54	-85.794
54.56	-85.814
54.58	-85.802
54.6	-85.795
54.62	-85.812
54.64	-85.814
54.66	-85.8
54.68	-85.797
54.7	-85.808
54.72	-85.817
54.74	-85.815
54.76	-85.808
54.78	-85.82
54.8	-85.822
54.82	-85.8
54.84	-85.796
54.86	-85.812
54.88	-85.817
54.9	-85.802
54.92	-85.784
54.94	-85.805
54.96	-85.806
54.98	-85.79
55	-85.789
55.02	-85.81
55.04	-85.817
55.06	-85.804
55.08	-85.796
55.1	-85.81
55.12	-85.821
55.14	-85.812
55.16	-85.802
55.18	-85.814
55.2	-85.828
55.22	-85.805
55.24	-85.812
55.26	-85.829
55.28	-85.829
55.3	-85.81
55.32	-85.811
55.34	-85.827
55.36	-85.832
55.38	-85.821
55.4	-85.811
55.42	-85.811
55.44	-85.814
55.46	-85.803
55.48	-85.802
55.5	-85.82
55.52	-85.827
55.54	-85.803
55.56	-85.795
55.58	-85.814
55.6	-85.818
55.62	-85.797
55.64	-85.796
55.66	-85.817
55.68	-85.825
55.7	-85.801
55.72	-85.807
55.74	-85.834
55.76	-85.833
55.78	-85.822
55.8	-85.82
55.82	-85.833
55.84	-85.828
55.86	-85.82
55.88	-85.828
55.9	-85.83
55.92	-85.826
55.94	-85.812
55.96	-85.811
55.98	-85.828
56	-85.83
56.02	-85.803
56.04	-85.809
56.06	-85.833
56.08	-85.832
56.1	-85.809
56.12	-85.807
56.14	-85.838
56.16	-85.835
56.18	-85.809
56.2	-85.817
56.22	-85.841
56.24	-85.83
56.26	-85.812
56.28	-85.823
56.3	-85.851
56.32	-85.847
56.34	-85.808
56.36	-85.815
56.38	-85.842
56.4	-85.827
56.42	-85.817
56.44	-85.817
56.46	-85.838
56.48	-85.818
56.5	-85.803
56.52	-85.818
56.54	-85.836
56.56	-85.831
56.58	-85.818
56.6	-85.813
56.62	-85.832
56.64	-85.835
56.66	-85.809
56.68	-85.816
56.7	-85.841
56.72	-85.833
56.74	-85.817
56.76	-85.818
56.78	-85.845
56.8	-85.831
56.82	-85.819
56.84	-85.83
56.86	-85.856
56.88	-85.837
56.9	-85.818
56.92	-85.816
56.94	-85.839
56.96	-85.84
56.98	-85.813
57	-85.815
57.02	-85.835
57.04	-85.838
57.06	-85.816
57.08	-85.816
57.1	-85.835
57.12	-85.834
57.14	-85.815
57.16	-85.83
57.18	-85.845
57.2	-85.824
57.22	-85.821
57.24	-85.835
57.26	-85.844
57.28	-85.825
57.3	-85.808
57.32	-85.838
57.34	-85.859
57.36	-85.825
57.38	-85.819
57.4	-85.842
57.42	-85.855
57.44	-85.82
57.46	-85.821
57.48	-85.834
57.5	-85.843
57.52	-85.833
57.54	-85.811
57.56	-85.826
57.58	-85.85
57.6	-85.833
57.62	-85.813
57.64	-85.83
57.66	-85.851
57.68	-85.832
57.7	-85.814
57.72	-85.832
57.74	-85.856
57.76	-85.838
57.78	-85.818
57.8	-85.833
57.82	-85.847
57.84	-85.833
57.86	-85.825
57.88	-85.846
57.9	-85.852
57.92	-85.835
57.94	-85.817
57.96	-85.843
57.98	-85.858
58	-85.843
58.02	-85.836
58.04	-85.841
58.06	-85.851
58.08	-85.839
58.1	-85.826
58.12	-85.837
58.14	-85.85
58.16	-85.826
58.18	-85.831
58.2	-85.839
58.22	-85.859
58.24	-85.838
58.26	-85.834
58.28	-85.852
58.3	-85.852
58.32	-85.829
58.34	-85.829
58.36	-85.844
58.38	-85.854
58.4	-85.849
58.42	-85.837
58.44	-85.872
58.46	-85.85
58.48	-85.83
58.5	-85.839
58.52	-85.847
58.54	-85.862
58.56	-85.822
58.58	-85.823
58.6	-85.855
58.62	-85.853
58.64	-85.827
58.66	-85.817
58.68	-85.842
58.7	-85.856
58.72	-85.843
58.74	-85.831
58.76	-85.845
58.78	-85.859
58.8	-85.837
58.82	-85.835
58.84	-85.855
58.86	-85.861
58.88	-85.843
58.9	-85.836
58.92	-85.855
58.94	-85.857
58.96	-85.841
58.98	-85.847
59	-85.859
59.02	-85.858
59.04	-85.841
59.06	-85.843
59.08	-85.847
59.1	-85.845
59.12	-85.837
59.14	-85.838
59.16	-85.854
59.18	-85.847
59.2	-85.839
59.22	-85.849
59.24	-85.864
59.26	-85.87
59.28	-85.846
59.3	-85.842
59.32	-85.872
59.34	-85.872
59.36	-85.849
59.38	-85.862
59.4	-85.867
59.42	-85.866
59.44	-85.851
59.46	-85.851
59.48	-85.865
59.5	-85.847
59.52	-85.848
59.54	-85.837
59.56	-85.856
59.58	-85.862
59.6	-85.83
59.62	-85.822
59.64	-85.855
59.66	-85.853
59.68	-85.828
59.7	-85.848
59.72	-85.865
59.74	-85.866
59.76	-85.85
59.78	-85.852
59.8	-85.877
59.82	-85.869
59.84	-85.85
59.86	-85.864
59.88	-85.873
59.9	-85.864
59.92	-85.847
59.94	-85.843
59.96	-85.875
59.98	-85.854
60	-85.834
60.02	-85.852
60.04	-85.868
60.06	-85.851
60.08	-85.84
60.1	-85.852
60.12	-85.874
60.14	-85.863
60.16	-85.832
60.18	-85.848
60.2	-85.877
60.22	-85.87
60.24	-85.834
60.26	-85.856
60.28	-85.876
60.3	-85.865
60.32	-85.841
60.34	-85.848
60.36	-85.874
60.38	-85.88
60.4	-85.845
60.42	-85.853
60.44	-85.877
60.46	-85.871
60.48	-85.845
60.5	-85.853
60.52	-85.87
60.54	-85.861
60.56	-85.842
60.58	-85.851
60.6	-85.866
60.62	-85.86
60.64	-85.846
60.66	-85.851
60.68	-85.863
60.7	-85.849
60.72	-85.838
60.74	-85.871
60.76	-85.886
60.78	-85.853
60.8	-85.84
60.82	-85.857
60.84	-85.884
60.86	-85.866
60.88	-85.869
60.9	-85.873
60.92	-85.881
60.94	-85.867
60.96	-85.857
60.98	-85.87
61	-85.889
61.02	-85.866
61.04	-85.856
61.06	-85.875
61.08	-85.871
61.1	-85.87
61.12	-85.85
61.14	-85.853
61.16	-85.875
61.18	-85.859
61.2	-85.84
61.22	-85.849
61.24	-85.879
61.26	-85.862
61.28	-85.839
61.3	-85.859
61.32	-85.882
61.34	-85.878
61.36	-85.852
61.38	-85.872
61.4	-85.878
61.42	-85.866
61.44	-85.848
61.46	-85.861
61.48	-85.866
61.5	-85.851
61.52	-85.837
61.54	-85.863
61.56	-85.872
61.58	-85.857
61.6	-85.85
61.62	-85.865
61.64	-85.872
61.66	-85.848
61.68	-85.842
61.7	-85.874
61.72	-85.875
61.74	-85.855
61.76	-85.847
61.78	-85.868
61.8	-85.881
61.82	-85.85
61.84	-85.841
61.86	-85.871
61.88	-85.888
61.9	-85.847
61.92	-85.849
61.94	-85.874
61.96	-85.877
61.98	-85.848
62	-85.852
62.02	-85.88
62.04	-85.877
62.06	-85.851
62.08	-85.858
62.1	-85.881
62.12	-85.88
62.14	-85.849
62.16	-85.857
62.18	-85.873
62.2	-85.868
62.22	-85.861
62.24	-85.849
62.26	-85.865
62.28	-85.877
62.3	-85.869
62.32	-85.852
62.34	-85.88
62.36	-85.879
62.38	-85.86
62.4	-85.868
62.42	-85.879
62.44	-85.876
62.46	-85.869
62.48	-85.856
62.5	-85.877
62.52	-85.871
62.54	-85.86
62.56	-85.871
62.58	-85.887
62.6	-85.877
62.62	-85.864
62.64	-85.86
62.66	-85.868
62.68	-85.874
62.7	-85.863
62.72	-85.851
62.74	-85.878
62.76	-85.883
62.78	-85.869
62.8	-85.863
62.82	-85.877
62.84	-85.891
62.86	-85.864
62.88	-85.859
62.9	-85.89
62.92	-85.881
62.94	-85.868
62.96	-85.863
62.98	-85.886
63	-85.882
63.02	-85.859
63.04	-85.866
63.06	-85.88
63.08	-85.884
63.1	-85.867
63.12	-85.88
63.14	-85.889
63.16	-85.887
63.18	-85.875
63.2	-85.875
63.22	-85.887
63.24	-85.885
63.26	-85.857
63.28	-85.872
63.3	-85.896
63.32	-85.883
63.34	-85.864
63.36	-85.88
63.38	-85.891
63.4	-85.882
63.42	-85.869
63.44	-85.87
63.46	-85.883
63.48	-85.882
63.5	-85.863
63.52	-85.868
63.54	-85.904
63.56	-85.88
63.58	-85.86
63.6	-85.874
63.62	-85.891
63.64	-85.902
63.66	-85.875
63.68	-85.874
63.7	-85.886
63.72	-85.886
63.74	-85.858
63.76	-85.858
63.78	-85.9
63.8	-85.889
63.82	-85.855
63.84	-85.873
63.86	-85.882
63.88	-85.885
63.9	-85.87
63.92	-85.87
63.94	-85.883
63.96	-85.875
63.98	-85.862
64	-85.866
64.02	-85.897
64.04	-85.896
64.06	-85.871
64.08	-85.885
64.1	-85.897
64.12	-85.876
64.14	-85.865
64.16	-85.886
64.18	-85.892
64.2	-85.865
64.22	-85.873
64.24	-85.883
64.26	-85.891
64.28	-85.877
64.3	-85.856
64.32	-85.869
64.34	-85.885
64.36	-85.878
64.38	-85.849
64.4	-85.873
64.42	-85.898
64.44	-85.882
64.46	-85.861
64.48	-85.889
64.5	-85.903
64.52	-85.88
64.54	-85.866
64.56	-85.897
64.58	-85.91
64.6	-85.881
64.62	-85.874
64.64	-85.876
64.66	-85.899
64.68	-85.881
64.7	-85.858
64.72	-85.877
64.74	-85.9
64.76	-85.869
64.78	-85.862
64.8	-85.879
64.82	-85.897
64.84	-85.873
64.86	-85.859
64.88	-85.89
64.9	-85.899
64.92	-85.88
64.94	-85.859
64.96	-85.892
64.98	-85.907
65	-85.879
65.02	-85.877
65.04	-85.892
65.06	-85.902
65.08	-85.888
65.1	-85.875
65.12	-85.899
65.14	-85.898
65.16	-85.874
65.18	-85.861
65.2	-85.885
65.22	-85.904
65.24	-85.885
65.26	-85.869
65.28	-85.887
65.3	-85.905
65.32	-85.891
65.34	-85.871
65.36	-85.879
65.38	-85.885
65.4	-85.882
65.42	-85.87
65.44	-85.893
65.46	-85.897
65.48	-85.878
65.5	-85.875
65.52	-85.898
65.54	-85.913
65.56	-85.884
65.58	-85.884
65.6	-85.903
65.62	-85.902
65.64	-85.888
65.66	-85.88
65.68	-85.909
65.7	-85.915
65.72	-85.885
65.74	-85.879
65.76	-85.894
65.78	-85.891
65.8	-85.869
65.82	-85.88
65.84	-85.896
65.86	-85.894
65.88	-85.876
65.9	-85.874
65.92	-85.898
65.94	-85.909
65.96	-85.872
65.98	-85.874
66	-85.893
66.02	-85.916
66.04	-85.895
66.06	-85.896
66.08	-85.915
66.1	-85.912
66.12	-85.901
66.14	-85.884
66.16	-85.912
66.18	-85.914
66.2	-85.879
66.22	-85.885
66.24	-85.909
66.26	-85.912
66.28	-85.886
66.3	-85.883
66.32	-85.916
66.34	-85.913
66.36	-85.88
66.38	-85.878
66.4	-85.902
66.42	-85.912
66.44	-85.884
66.46	-85.889
66.48	-85.905
66.5	-85.902
66.52	-85.89
66.54	-85.886
66.56	-85.906
66.58	-85.907
66.6	-85.884
66.62	-85.892
66.64	-85.914
66.66	-85.91
66.68	-85.879
66.7	-85.885
66.72	-85.914
66.74	-85.91
66.76	-85.888
66.78	-85.881
66.8	-85.914
66.82	-85.899
66.84	-85.877
66.86	-85.878
66.88	-85.907
66.9	-85.895
66.92	-85.879
66.94	-85.88
66.96	-85.905
66.98	-85.907
67	-85.882
67.02	-85.891
67.04	-85.925
67.06	-85.917
67.08	-85.893
67.1	-85.906
67.12	-85.922
67.14	-85.908
67.16	-85.892
67.18	-85.9
67.2	-85.916
67.22	-85.9
67.24	-85.877
67.26	-85.906
67.28	-85.921
67.3	-85.902
67.32	-85.878
67.34	-85.882
67.36	-85.917
67.38	-85.904
67.4	-85.88
67.42	-85.892
67.44	-85.909
67.46	-85.899
67.48	-85.885
67.5	-85.907
67.52	-85.923
67.54	-85.901
67.56	-85.887
67.58	-85.9
67.6	-85.916
67.62	-85.913
67.64	-85.898
67.66	-85.9
67.68	-85.916
67.7	-85.905
67.72	-85.885
67.74	-85.902
67.76	-85.908
67.78	-85.9
67.8	-85.887
67.82	-85.896
67.84	-85.909
67.86	-85.909
67.88	-85.885
67.9	-85.891
67.92	-85.921
67.94	-85.903
67.96	-85.877
67.98	-85.901
68	-85.926
68.02	-85.901
68.04	-85.878
68.06	-85.908
68.08	-85.927
68.1	-85.908
68.12	-85.877
68.14	-85.904
68.16	-85.931
68.18	-85.896
68.2	-85.888
68.22	-85.913
68.24	-85.922
68.26	-85.916
68.28	-85.905
68.3	-85.921
68.32	-85.93
68.34	-85.909
68.36	-85.887
68.38	-85.9
68.4	-85.921
68.42	-85.899
68.44	-85.892
68.46	-85.911
68.48	-85.914
68.5	-85.889
68.52	-85.884
68.54	-85.901
68.56	-85.918
68.58	-85.913
68.6	-85.898
68.62	-85.902
68.64	-85.935
68.66	-85.918
68.68	-85.895
68.7	-85.916
68.72	-85.935
68.74	-85.916
68.76	-85.898
68.78	-85.923
68.8	-85.922
68.82	-85.908
68.84	-85.899
68.86	-85.928
68.88	-85.93
68.9	-85.897
68.92	-85.88
68.94	-85.906
68.96	-85.92
68.98	-85.89
69	-85.892
69.02	-85.911
69.04	-85.924
69.06	-85.905
69.08	-85.895
69.1	-85.92
69.12	-85.942
69.14	-85.925
69.16	-85.9
69.18	-85.93
69.2	-85.959
69.22	-85.919
69.24	-85.903
69.26	-85.922
69.28	-85.928
69.3	-85.916
69.32	-85.9
69.34	-85.913
69.36	-85.918
69.38	-85.91
69.4	-85.893
69.42	-85.906
69.44	-85.906
69.46	-85.899
69.48	-85.894
69.5	-85.912
69.52	-85.922
69.54	-85.901
69.56	-85.907
69.58	-85.929
69.6	-85.934
69.62	-85.924
69.64	-85.919
69.66	-85.922
69.68	-85.936
69.7	-85.913
69.72	-85.909
69.74	-85.943
69.76	-85.947
69.78	-85.92
69.8	-85.908
69.82	-85.929
69.84	-85.914
69.86	-85.895
69.88	-85.895
69.9	-85.914
69.92	-85.922
69.94	-85.907
69.96	-85.899
69.98	-85.918
70	-85.931
70.02	-85.908
70.04	-85.9
70.06	-85.934
70.08	-85.947
70.1	-85.92
70.12	-85.912
70.14	-85.93
70.16	-85.935
70.18	-85.918
70.2	-85.914
70.22	-85.932
70.24	-85.929
70.26	-85.908
70.28	-85.908
70.3	-85.927
70.32	-85.923
70.34	-85.907
70.36	-85.906
70.38	-85.925
70.4	-85.916
70.42	-85.907
70.44	-85.906
70.46	-85.929
70.48	-85.916
70.5	-85.897
70.52	-85.906
70.54	-85.932
70.56	-85.932
70.58	-85.912
70.6	-85.912
70.62	-85.956
70.64	-85.931
70.66	-85.911
70.68	-85.928
70.7	-85.947
70.72	-85.937
70.74	-85.907
70.76	-85.922
70.78	-85.937
70.8	-85.941
70.82	-85.902
70.84	-85.913
70.86	-85.92
70.88	-85.934
70.9	-85.907
70.92	-85.908
70.94	-85.937
70.96	-85.928
70.98	-85.905
71	-85.906
71.02	-85.92
71.04	-85.928
71.06	-85.912
71.08	-85.917
71.1	-85.921
71.12	-85.927
71.14	-85.916
71.16	-85.928
71.18	-85.937
71.2	-85.942
71.22	-85.917
71.24	-85.917
71.26	-85.936
71.28	-85.93
71.3	-85.926
71.32	-85.945
71.34	-85.937
71.36	-85.919
71.38	-85.9
71.4	-85.906
71.42	-85.93
71.44	-85.931
71.46	-85.903
71.48	-85.913
71.5	-85.928
71.52	-85.917
71.54	-85.907
71.56	-85.926
71.58	-85.948
71.6	-85.929
71.62	-85.903
71.64	-85.93
71.66	-85.941
71.68	-85.918
71.7	-85.908
71.72	-85.929
71.74	-85.947
71.76	-85.93
71.78	-85.911
71.8	-85.911
71.82	-85.939
71.84	-85.921
71.86	-85.907
71.88	-85.932
71.9	-85.942
71.92	-85.92
71.94	-85.909
71.96	-85.931
71.98	-85.941
72	-85.929
72.02	-85.91
72.04	-85.917
72.06	-85.929
72.08	-85.921
72.1	-85.902
72.12	-85.918
72.14	-85.942
72.16	-85.929
72.18	-85.905
72.2	-85.935
72.22	-85.936
72.24	-85.923
72.26	-85.914
72.28	-85.936
72.3	-85.941
72.32	-85.922
72.34	-85.909
72.36	-85.942
72.38	-85.945
72.4	-85.933
72.42	-85.924
72.44	-85.939
72.46	-85.951
72.48	-85.913
72.5	-85.912
72.52	-85.938
72.54	-85.934
72.56	-85.91
72.58	-85.912
72.6	-85.937
72.62	-85.938
72.64	-85.919
72.66	-85.91
72.68	-85.938
72.7	-85.955
72.72	-85.933
72.74	-85.93
72.76	-85.929
72.78	-85.939
72.8	-85.933
72.82	-85.929
72.84	-85.945
72.86	-85.958
72.88	-85.925
72.9	-85.926
72.92	-85.95
72.94	-85.939
72.96	-85.921
72.98	-85.935
73	-85.945
73.02	-85.952
73.04	-85.929
73.06	-85.922
73.08	-85.94
73.1	-85.947
73.12	-85.916
73.14	-85.906
73.16	-85.941
73.18	-85.952
73.2	-85.921
73.22	-85.914
73.24	-85.938
73.26	-85.942
73.28	-85.924
73.3	-85.923
73.32	-85.943
73.34	-85.95
73.36	-85.912
73.38	-85.925
73.4	-85.951
73.42	-85.946
73.44	-85.921
73.46	-85.922
73.48	-85.943
73.5	-85.944
73.52	-85.93
73.54	-85.923
73.56	-85.937
73.58	-85.942
73.6	-85.932
73.62	-85.93
73.64	-85.936
73.66	-85.936
73.68	-85.934
73.7	-85.92
73.72	-85.942
73.74	-85.948
73.76	-85.928
73.78	-85.929
73.8	-85.952
73.82	-85.947
73.84	-85.926
73.86	-85.931
73.88	-85.959
73.9	-85.943
73.92	-85.938
73.94	-85.94
73.96	-85.958
73.98	-85.949
74	-85.934
74.02	-85.933
74.04	-85.95
74.06	-85.951
74.08	-85.926
74.1	-85.94
74.12	-85.953
74.14	-85.946
74.16	-85.924
74.18	-85.933
74.2	-85.945
74.22	-85.936
74.24	-85.923
74.26	-85.933
74.28	-85.942
74.3	-85.947
74.32	-85.929
74.34	-85.93
74.36	-85.957
74.38	-85.956
74.4	-85.947
74.42	-85.946
74.44	-85.968
74.46	-85.945
74.48	-85.93
74.5	-85.948
74.52	-85.968
74.54	-85.959
74.56	-85.931
74.58	-85.929
74.6	-85.942
74.62	-85.947
74.64	-85.925
74.66	-85.928
74.68	-85.947
74.7	-85.928
74.72	-85.919
74.74	-85.93
74.76	-85.95
74.78	-85.942
74.8	-85.921
74.82	-85.94
74.84	-85.962
74.86	-85.933
74.88	-85.933
74.9	-85.955
74.92	-85.96
74.94	-85.939
74.96	-85.934
74.98	-85.94
75	-85.958
75.02	-85.942
75.04	-85.922
75.06	-85.933
75.08	-85.945
75.1	-85.942
75.12	-85.928
75.14	-85.932
75.16	-85.942
75.18	-85.94
75.2	-85.923
75.22	-85.942
75.24	-85.951
75.26	-85.929
75.28	-85.913
75.3	-85.947
75.32	-85.956
75.34	-85.947
75.36	-85.941
75.38	-85.954
75.4	-85.95
75.42	-85.941
75.44	-85.927
75.46	-85.956
75.48	-85.971
75.5	-85.947
75.52	-85.935
75.54	-85.942
75.56	-85.956
75.58	-85.947
75.6	-85.922
75.62	-85.94
75.64	-85.963
75.66	-85.93
75.68	-85.924
75.7	-85.948
75.72	-85.958
75.74	-85.939
75.76	-85.928
75.78	-85.94
75.8	-85.95
75.82	-85.94
75.84	-85.918
75.86	-85.956
75.88	-85.955
75.9	-85.94
75.92	-85.928
75.94	-85.944
75.96	-85.959
75.98	-85.942
76	-85.93
76.02	-85.937
76.04	-85.954
76.06	-85.934
76.08	-85.937
76.1	-85.937
76.12	-85.942
76.14	-85.936
76.16	-85.924
76.18	-85.939
76.2	-85.941
76.22	-85.929
76.24	-85.923
76.26	-85.95
76.28	-85.948
76.3	-85.922
76.32	-85.914
76.34	-85.936
76.36	-85.951
76.38	-85.938
76.4	-85.934
76.42	-85.948
76.44	-85.962
76.46	-85.945
76.48	-85.94
76.5	-85.966
76.52	-85.95
76.54	-85.926
76.56	-85.93
76.58	-85.944
76.6	-85.94
76.62	-85.933
76.64	-85.926
76.66	-85.94
76.68	-85.946
76.7	-85.92
76.72	-85.926
76.74	-85.941
76.76	-85.937
76.78	-85.927
76.8	-85.938
76.82	-85.946
76.84	-85.948
76.86	-85.926
76.88	-85.925
76.9	-85.962
76.92	-85.961
76.94	-85.933
76.96	-85.935
76.98	-85.964
77	-85.96
77.02	-85.933
77.04	-85.95
77.06	-85.959
77.08	-85.955
77.1	-85.94
77.12	-85.936
77.14	-85.947
77.16	-85.94
77.18	-85.927
77.2	-85.927
77.22	-85.95
77.24	-85.948
77.26	-85.934
77.28	-85.934
77.3	-85.951
77.32	-85.94
77.34	-85.931
77.36	-85.934
77.38	-85.951
77.4	-85.964
77.42	-85.944
77.44	-85.946
77.46	-85.953
77.48	-85.94
77.5	-85.944
77.52	-85.948
77.54	-85.966
77.56	-85.948
77.58	-85.935
77.6	-85.947
77.62	-85.958
77.64	-85.95
77.66	-85.935
77.68	-85.939
77.7	-85.961
77.72	-85.946
77.74	-85.925
77.76	-85.926
77.78	-85.949
77.8	-85.955
77.82	-85.939
77.84	-85.945
77.86	-85.951
77.88	-85.942
77.9	-85.947
77.92	-85.95
77.94	-85.955
77.96	-85.954
77.98	-85.947
78	-85.968
78.02	-85.964
78.04	-85.961
78.06	-85.943
78.08	-85.955
78.1	-85.957
78.12	-85.949
78.14	-85.937
78.16	-85.945
78.18	-85.953
78.2	-85.954
78.22	-85.939
78.24	-85.951
78.26	-85.951
78.28	-85.948
78.3	-85.943
78.32	-85.948
78.34	-85.954
78.36	-85.944
78.38	-85.941
78.4	-85.939
78.42	-85.963
78.44	-85.941
78.46	-85.941
78.48	-85.964
78.5	-85.968
78.52	-85.95
78.54	-85.945
78.56	-85.958
78.58	-85.956
78.6	-85.95
78.62	-85.947
78.64	-85.942
78.66	-85.963
78.68	-85.951
78.7	-85.932
78.72	-85.934
78.74	-85.956
78.76	-85.948
78.78	-85.927
78.8	-85.939
78.82	-85.95
78.84	-85.949
78.86	-85.943
78.88	-85.962
78.9	-85.959
78.92	-85.954
78.94	-85.949
78.96	-85.951
78.98	-85.971
79	-85.97
79.02	-85.953
79.04	-85.959
79.06	-85.964
79.08	-85.961
79.1	-85.961
79.12	-85.952
79.14	-85.957
79.16	-85.946
79.18	-85.949
79.2	-85.948
79.22	-85.948
79.24	-85.947
79.26	-85.948
79.28	-85.949
79.3	-85.959
79.32	-85.945
79.34	-85.942
79.36	-85.95
79.38	-85.95
79.4	-85.94
79.42	-85.945
79.44	-85.963
79.46	-85.962
79.48	-85.956
79.5	-85.954
79.52	-85.955
79.54	-85.969
79.56	-85.966
79.58	-85.944
79.6	-85.961
79.62	-85.977
79.64	-85.951
79.66	-85.938
79.68	-85.946
79.7	-85.953
79.72	-85.949
79.74	-85.944
79.76	-85.949
79.78	-85.957
79.8	-85.956
79.82	-85.935
79.84	-85.966
79.86	-85.961
79.88	-85.947
79.9	-85.944
79.92	-85.957
79.94	-85.971
79.96	-85.947
79.98	-85.937
80	-85.964
80.02	-85.971
80.04	-85.959
80.06	-85.947
80.08	-85.969
80.1	-85.962
80.12	-85.955
80.14	-85.948
80.16	-85.949
80.18	-85.958
80.2	-85.955
80.22	-85.936
80.24	-85.957
80.26	-85.964
80.28	-85.937
80.3	-85.953
80.32	-85.967
80.34	-85.966
80.36	-85.95
80.38	-85.959
80.4	-85.974
80.42	-85.982
80.44	-85.962
80.46	-85.949
80.48	-85.967
80.5	-85.976
80.52	-85.956
80.54	-85.953
80.56	-85.962
80.58	-85.972
80.6	-85.958
80.62	-85.957
80.64	-85.965
80.66	-85.974
80.68	-85.969
80.7	-85.947
80.72	-85.962
80.74	-85.958
80.76	-85.952
80.78	-85.947
80.8	-85.95
80.82	-85.955
80.84	-85.948
80.86	-85.944
80.88	-85.966
80.9	-85.941
80.92	-85.937
80.94	-85.955
80.96	-85.975
80.98	-85.968
81	-85.944
81.02	-85.949
81.04	-85.979
81.06	-85.962
81.08	-85.953
81.1	-85.967
81.12	-85.971
81.14	-85.968
81.16	-85.954
81.18	-85.956
81.2	-85.967
81.22	-85.95
81.24	-85.94
81.26	-85.95
81.28	-85.966
81.3	-85.972
81.32	-85.953
81.34	-85.952
81.36	-85.972
81.38	-85.987
81.4	-85.954
81.42	-85.961
81.44	-85.975
81.46	-85.977
81.48	-85.962
81.5	-85.961
81.52	-85.967
81.54	-85.97
81.56	-85.957
81.58	-85.962
81.6	-85.98
81.62	-85.975
81.64	-85.965
81.66	-85.966
81.68	-85.982
81.7	-85.971
81.72	-85.95
81.74	-85.95
81.76	-85.964
81.78	-85.961
81.8	-85.941
81.82	-85.96
81.84	-85.976
81.86	-85.96
81.88	-85.953
81.9	-85.955
81.92	-85.981
81.94	-85.969
81.96	-85.959
81.98	-85.971
82	-85.983
82.02	-85.975
82.04	-85.952
82.06	-85.967
82.08	-85.981
82.1	-85.968
82.12	-85.945
82.14	-85.958
82.16	-85.982
82.18	-85.974
82.2	-85.966
82.22	-85.973
82.24	-85.967
82.26	-85.967
82.28	-85.959
82.3	-85.952
82.32	-85.969
82.34	-85.966
82.36	-85.957
82.38	-85.961
82.4	-85.97
82.42	-85.968
82.44	-85.963
82.46	-85.963
82.48	-85.975
82.5	-85.965
82.52	-85.939
82.54	-85.954
82.56	-85.964
82.58	-85.952
82.6	-85.962
82.62	-85.965
82.64	-85.978
82.66	-85.959
82.68	-85.957
82.7	-85.968
82.72	-85.976
82.74	-85.966
82.76	-85.963
82.78	-85.972
82.8	-85.976
82.82	-85.986
82.84	-85.956
82.86	-85.967
82.88	-85.975
82.9	-85.963
82.92	-85.954
82.94	-85.981
82.96	-85.995
82.98	-85.983
83	-85.954
83.02	-85.964
83.04	-85.978
83.06	-85.972
83.08	-85.956
83.1	-85.97
83.12	-85.986
83.14	-85.977
83.16	-85.96
83.18	-85.968
83.2	-85.976
83.22	-85.964
83.24	-85.962
83.26	-85.975
83.28	-85.967
83.3	-85.958
83.32	-85.964
83.34	-85.977
83.36	-85.977
83.38	-85.97
83.4	-85.959
83.42	-85.976
83.44	-85.978
83.46	-85.96
83.48	-85.961
83.5	-85.978
83.52	-85.97
83.54	-85.956
83.56	-85.962
83.58	-85.975
83.6	-85.971
83.62	-85.959
83.64	-85.974
83.66	-85.978
83.68	-85.972
83.7	-85.964
83.72	-85.978
83.74	-85.982
83.76	-85.985
83.78	-85.965
83.8	-85.963
83.82	-85.973
83.84	-85.983
83.86	-85.972
83.88	-85.958
83.9	-85.976
83.92	-85.975
83.94	-85.965
83.96	-85.958
83.98	-85.972
84	-85.977
84.02	-85.969
84.04	-85.971
84.06	-85.976
84.08	-85.972
84.1	-85.97
84.12	-85.974
84.14	-85.969
84.16	-85.976
84.18	-85.994
84.2	-85.982
84.22	-85.969
84.24	-85.986
84.26	-85.975
84.28	-85.975
84.3	-85.98
84.32	-85.972
84.34	-85.97
84.36	-85.969
84.38	-85.976
84.4	-85.973
84.42	-85.966
84.44	-85.976
84.46	-85.965
84.48	-85.972
84.5	-85.958
84.52	-85.965
84.54	-85.973
84.56	-85.979
84.58	-85.971
84.6	-85.962
84.62	-85.982
84.64	-85.978
84.66	-85.968
84.68	-85.971
84.7	-85.995
84.72	-85.981
84.74	-85.973
84.76	-85.985
84.78	-85.989
84.8	-85.986
84.82	-85.977
84.84	-85.97
84.86	-85.984
84.88	-85.986
84.9	-85.967
84.92	-85.959
84.94	-85.968
84.96	-85.965
84.98	-85.951
85	-85.974
85.02	-85.985
85.04	-85.975
85.06	-85.967
85.08	-85.962
85.1	-85.972
85.12	-85.979
85.14	-85.972
85.16	-85.973
85.18	-85.974
85.2	-85.977
85.22	-85.97
85.24	-85.97
85.26	-85.985
85.28	-85.994
85.3	-85.978
85.32	-85.97
85.34	-85.988
85.36	-85.97
85.38	-85.957
85.4	-85.967
85.42	-85.968
85.44	-85.964
85.46	-85.963
85.48	-85.964
85.5	-85.979
85.52	-85.971
85.54	-85.965
85.56	-85.981
85.58	-85.976
85.6	-85.965
85.62	-85.958
85.64	-85.979
85.66	-85.974
85.68	-85.968
85.7	-85.979
85.72	-85.979
85.74	-85.977
85.76	-85.982
85.78	-85.98
85.8	-85.993
85.82	-85.983
85.84	-85.971
85.86	-85.982
85.88	-85.983
85.9	-85.979
85.92	-85.979
85.94	-85.966
85.96	-85.976
85.98	-85.991
86	-85.967
86.02	-85.975
86.04	-85.97
86.06	-85.978
86.08	-85.978
86.1	-85.981
86.12	-85.979
86.14	-85.976
86.16	-85.972
86.18	-85.968
86.2	-85.983
86.22	-85.995
86.24	-85.984
86.26	-85.973
86.28	-85.992
86.3	-85.997
86.32	-85.982
86.34	-85.977
86.36	-85.977
86.38	-85.974
86.4	-85.977
86.42	-85.967
86.44	-85.979
86.46	-85.978
86.48	-85.954
86.5	-85.964
86.52	-85.969
86.54	-85.979
86.56	-85.969
86.58	-85.967
86.6	-85.972
86.62	-85.967
86.64	-85.973
86.66	-85.974
86.68	-85.982
86.7	-85.979
86.72	-85.968
86.74	-85.965
86.76	-85.985
86.78	-85.992
86.8	-85.985
86.82	-85.98
86.84	-85.98
86.86	-85.974
86.88	-85.973
86.9	-85.984
86.92	-85.992
86.94	-85.974
86.96	-85.968
86.98	-85.965
87	-85.989
87.02	-85.986
87.04	-85.981
87.06	-85.975
87.08	-85.993
87.1	-85.987
87.12	-85.971
87.14	-85.975
87.16	-85.988
87.18	-85.979
87.2	-85.975
87.22	-85.995
87.24	-85.985
87.26	-85.992
87.28	-85.987
87.3	-85.987
87.32	-86.004
87.34	-85.982
87.36	-85.97
87.38	-85.973
87.4	-85.973
87.42	-85.978
87.44	-85.964
87.46	-85.973
87.48	-85.988
87.5	-85.982
87.52	-85.976
87.54	-85.985
87.56	-85.986
87.58	-85.98
87.6	-85.97
87.62	-85.972
87.64	-85.974
87.66	-85.978
87.68	-85.98
87.7	-85.989
87.72	-85.995
87.74	-85.979
87.76	-85.972
87.78	-85.987
87.8	-86
87.82	-85.987
87.84	-85.984
87.86	-85.983
87.88	-85.997
87.9	-85.989
87.92	-85.983
87.94	-85.996
87.96	-86.001
87.98	-85.988
88	-85.981
88.02	-85.985
88.04	-85.982
88.06	-85.974
88.08	-85.984
88.1	-85.979
88.12	-85.978
88.14	-85.989
88.16	-85.981
88.18	-85.963
88.2	-85.983
88.22	-85.99
88.24	-85.975
88.26	-85.984
88.28	-85.985
88.3	-85.98
88.32	-85.98
88.34	-86.002
88.36	-85.994
88.38	-85.988
88.4	-85.978
88.42	-85.99
88.44	-85.992
88.46	-85.979
88.48	-85.991
88.5	-85.981
88.52	-85.979
88.54	-85.986
88.56	-85.988
88.58	-85.984
88.6	-85.979
88.62	-85.976
88.64	-85.971
88.66	-85.979
88.68	-85.985
88.7	-85.98
88.72	-85.977
88.74	-85.989
88.76	-85.999
88.78	-85.991
88.8	-85.986
88.82	-86.001
88.84	-86.012
88.86	-85.99
88.88	-85.997
88.9	-86.009
88.92	-85.992
88.94	-85.98
88.96	-85.974
88.98	-85.979
89	-85.996
89.02	-85.982
89.04	-85.971
89.06	-85.982
89.08	-85.979
89.1	-85.975
89.12	-85.98
89.14	-85.98
89.16	-85.978
89.18	-85.974
89.2	-85.983
89.22	-85.99
89.24	-85.984
89.26	-85.991
89.28	-85.993
89.3	-85.999
89.32	-85.999
89.34	-85.999
89.36	-86.002
89.38	-86
89.4	-85.994
89.42	-85.996
89.44	-85.989
89.46	-85.996
89.48	-85.99
89.5	-85.977
89.52	-85.986
89.54	-85.999
89.56	-85.991
89.58	-85.978
89.6	-85.973
89.62	-85.997
89.64	-85.997
89.66	-85.975
89.68	-85.969
89.7	-85.999
89.72	-86.001
89.74	-85.981
89.76	-85.997
89.78	-86.009
89.8	-86
89.82	-85.985
89.84	-85.986
89.86	-85.998
89.88	-85.995
89.9	-85.985
89.92	-85.994
89.94	-86.01
89.96	-86.001
89.98	-85.986
90	-85.972
90.02	-85.968
90.04	-85.985
90.06	-85.987
90.08	-85.976
90.1	-85.982
90.12	-85.978
90.14	-85.979
90.16	-85.987
90.18	-85.992
90.2	-85.988
90.22	-85.991
90.24	-85.997
90.26	-86.003
90.28	-85.988
90.3	-85.988
90.32	-85.99
90.34	-86.003
90.36	-85.987
90.38	-85.971
90.4	-85.998
90.42	-85.994
90.44	-85.992
90.46	-85.975
90.48	-85.983
90.5	-86.003
90.52	-85.997
90.54	-85.981
90.56	-85.977
90.58	-85.991
90.6	-85.999
90.62	-85.982
90.64	-85.99
90.66	-85.985
90.68	-85.988
90.7	-85.981
90.72	-85.982
90.74	-85.995
90.76	-85.982
90.78	-85.989
90.8	-85.99
90.82	-85.998
90.84	-85.996
90.86	-85.992
90.88	-85.989
90.9	-86.009
90.92	-86.009
90.94	-85.985
90.96	-85.995
90.98	-86.002
91	-86.005
91.02	-85.982
91.04	-85.98
91.06	-85.987
91.08	-85.99
91.1	-85.98
91.12	-85.988
91.14	-86.003
91.16	-85.995
91.18	-85.988
91.2	-85.982
91.22	-85.992
91.24	-85.991
91.26	-85.986
91.28	-85.999
91.3	-86.002
91.32	-86.004
91.34	-85.977
91.36	-85.981
91.38	-86.005
91.4	-85.984
91.42	-85.976
91.44	-85.974
91.46	-85.988
91.48	-85.991
91.5	-85.977
91.52	-85.981
91.54	-85.993
91.56	-85.986
91.58	-85.97
91.6	-85.979
91.62	-85.991
91.64	-85.985
91.66	-85.983
91.68	-85.994
91.7	-85.983
91.72	-85.991
91.74	-85.986
91.76	-86.001
91.78	-85.986
91.8	-85.988
91.82	-85.974
91.84	-85.992
91.86	-85.991
91.88	-85.981
91.9	-85.998
91.92	-86.004
91.94	-85.994
91.96	-85.973
91.98	-85.988
92	-85.994
92.02	-85.997
92.04	-85.985
92.06	-85.99
92.08	-85.996
92.1	-85.996
92.12	-85.983
92.14	-85.976
92.16	-85.999
92.18	-86.005
92.2	-85.994
92.22	-85.981
92.24	-86.002
92.26	-85.995
92.28	-85.976
92.3	-85.976
92.32	-85.981
92.34	-85.99
92.36	-85.983
92.38	-85.967
92.4	-85.983
92.42	-85.991
92.44	-85.991
92.46	-85.973
92.48	-85.997
92.5	-86.008
92.52	-85.994
92.54	-85.989
92.56	-85.995
92.58	-86.004
92.6	-85.976
92.62	-85.99
92.64	-86.012
92.66	-85.986
92.68	-85.992
92.7	-85.989
92.72	-85.99
92.74	-85.989
92.76	-85.992
92.78	-85.987
92.8	-86.005
92.82	-85.992
92.84	-85.983
92.86	-85.977
92.88	-85.993
92.9	-85.99
92.92	-85.985
92.94	-85.987
92.96	-85.99
92.98	-85.997
93	-85.986
93.02	-85.974
93.04	-85.99
93.06	-86.012
93.08	-85.999
93.1	-85.986
93.12	-86.006
93.14	-86.017
93.16	-85.992
93.18	-85.991
93.2	-85.991
93.22	-86.005
93.24	-85.985
93.26	-86.001
93.28	-86.003
93.3	-85.995
93.32	-85.982
93.34	-85.983
93.36	-85.99
93.38	-85.989
93.4	-85.984
93.42	-85.99
93.44	-85.986
93.46	-85.994
93.48	-85.983
93.5	-85.992
93.52	-86.011
93.54	-86.006
93.56	-85.994
93.58	-85.99
93.6	-86.006
93.62	-86.007
93.64	-85.996
93.66	-85.993
93.68	-85.993
93.7	-85.992
93.72	-85.982
93.74	-85.99
93.76	-86
93.78	-85.994
93.8	-85.979
93.82	-85.984
93.84	-86.013
93.86	-86.001
93.88	-85.977
93.9	-85.978
93.92	-86
93.94	-85.999
93.96	-85.985
93.98	-85.989
94	-86.009
94.02	-86.01
94.04	-85.981
94.06	-85.98
94.08	-86.014
94.1	-86.004
94.12	-85.995
94.14	-85.988
94.16	-85.992
94.18	-85.991
94.2	-85.979
94.22	-85.996
94.24	-86.012
94.26	-85.995
94.28	-85.971
94.3	-85.984
94.32	-85.98
94.34	-85.982
94.36	-85.977
94.38	-85.987
94.4	-86.003
94.42	-85.991
94.44	-85.978
94.46	-85.984
94.48	-86.007
94.5	-85.996
94.52	-85.974
94.54	-85.995
94.56	-86.005
94.58	-85.99
94.6	-85.993
94.62	-86
94.64	-85.995
94.66	-85.99
94.68	-85.981
94.7	-85.989
94.72	-86.007
94.74	-86
94.76	-85.99
94.78	-85.994
94.8	-86.012
94.82	-85.999
94.84	-85.982
94.86	-85.998
94.88	-85.991
94.9	-85.984
94.92	-85.984
94.94	-85.987
94.96	-86.005
94.98	-85.992
95	-85.997
95.02	-86.004
95.04	-86.001
95.06	-85.994
95.08	-85.984
95.1	-86.001
95.12	-86.007
95.14	-86.003
95.16	-85.99
95.18	-85.993
95.2	-85.997
95.22	-85.998
95.24	-85.985
95.26	-86.002
95.28	-86.012
95.3	-85.989
95.32	-85.983
95.34	-85.997
95.36	-85.996
95.38	-85.998
95.4	-85.989
95.42	-85.999
95.44	-86.005
95.46	-85.992
95.48	-85.978
95.5	-85.995
95.52	-86.008
95.54	-86.01
95.56	-85.991
95.58	-86.006
95.6	-85.995
95.62	-85.997
95.64	-85.997
95.66	-86.01
95.68	-85.997
95.7	-85.984
95.72	-85.98
95.74	-86.001
95.76	-85.995
95.78	-85.984
95.8	-85.979
95.82	-86.001
95.84	-86.002
95.86	-85.987
95.88	-85.986
95.9	-86.005
95.92	-86.003
95.94	-85.986
95.96	-85.977
95.98	-86.001
96	-86.007
96.02	-85.995
96.04	-86.001
96.06	-86.002
96.08	-85.996
96.1	-85.991
96.12	-85.992
96.14	-86.01
96.16	-86.014
96.18	-85.998
96.2	-85.984
96.22	-85.993
96.24	-85.993
96.26	-85.987
96.28	-85.981
96.3	-86
96.32	-85.993
96.34	-85.995
96.36	-85.976
96.38	-85.985
96.4	-85.985
96.42	-85.973
96.44	-85.979
96.46	-85.987
96.48	-86.001
96.5	-85.987
96.52	-85.992
96.54	-86.002
96.56	-85.997
96.58	-85.999
96.6	-85.992
96.62	-86.003
96.64	-86.015
96.66	-85.994
96.68	-85.996
96.7	-85.997
96.72	-86.006
96.74	-85.985
96.76	-85.995
96.78	-86.005
96.8	-86.004
96.82	-86.003
96.84	-85.99
96.86	-86.002
96.88	-85.998
96.9	-85.993
96.92	-85.983
96.94	-85.994
96.96	-86.003
96.98	-85.992
97	-85.993
97.02	-85.998
97.04	-86.002
97.06	-85.993
97.08	-85.994
97.1	-86.002
97.12	-86.017
97.14	-86.009
97.16	-85.989
97.18	-86.005
97.2	-86.011
97.22	-85.994
97.24	-86.001
97.26	-86.01
97.28	-86.001
97.3	-85.993
97.32	-85.999
97.34	-86.012
97.36	-86.005
97.38	-85.991
97.4	-85.994
97.42	-86.004
97.44	-86.002
97.46	-85.999
97.48	-86.004
97.5	-86.002
97.52	-86
97.54	-85.992
97.56	-86.004
97.58	-86.012
97.6	-86.014
97.62	-86.006
97.64	-85.993
97.66	-86.005
97.68	-86.002
97.7	-85.992
97.72	-86.013
97.74	-86.012
97.76	-86.007
97.78	-86.003
97.8	-85.995
97.82	-86.003
97.84	-86
97.86	-85.994
97.88	-85.995
97.9	-85.999
97.92	-86.001
97.94	-85.988
97.96	-85.987
97.98	-86
98	-85.995
98.02	-85.981
98.04	-85.988
98.06	-86.002
98.08	-85.993
98.1	-86.009
98.12	-86.01
98.14	-86.01
98.16	-86.006
98.18	-86.006
98.2	-86.013
98.22	-86.006
98.24	-86.001
98.26	-85.994
98.28	-86.006
98.3	-86.011
98.32	-86.003
98.34	-86.007
98.36	-86.007
98.38	-86.01
98.4	-86.001
98.42	-85.993
98.44	-85.986
98.46	-85.99
98.48	-86.005
98.5	-86.002
98.52	-86.005
98.54	-86.007
98.56	-86.015
98.58	-86.002
98.6	-85.996
98.62	-86.016
98.64	-86.013
98.66	-86.004
98.68	-86.02
98.7	-86.019
98.72	-86.011
98.74	-86.002
98.76	-86.004
98.78	-86.002
98.8	-86.009
98.82	-86.004
98.84	-85.993
98.86	-86.004
98.88	-85.99
98.9	-85.987
98.92	-86
98.94	-85.993
98.96	-85.989
98.98	-85.991
99	-86.003
99.02	-86.004
99.04	-86.007
99.06	-85.989
99.08	-86.009
99.1	-86.01
99.12	-86.015
99.14	-86
99.16	-86.017
99.18	-86.024
99.2	-85.99
99.22	-85.993
99.24	-86.01
99.26	-86.002
99.28	-85.997
99.3	-86.004
99.32	-86.007
99.34	-86.006
99.36	-85.986
99.38	-85.993
99.4	-85.994
99.42	-85.993
99.44	-85.987
99.46	-85.985
99.48	-86.001
99.5	-86.007
99.52	-85.993
99.54	-85.995
99.56	-86.007
99.58	-86.017
99.6	-86.023
99.62	-86.007
99.64	-86.02
99.66	-86.023
99.68	-85.999
99.7	-86.016
99.72	-86.012
99.74	-86.007
99.76	-86.01
99.78	-86.009
99.8	-85.992
99.82	-85.994
99.84	-85.999
99.86	-86.005
99.88	-86.01
99.9	-85.995
99.92	-85.989
99.94	-86.006
99.96	-86.013
99.98	-86
100	-86.003
100.02	-85.995
100.04	-86.013
100.06	-86.021
100.08	-85.992
100.1	-86
100.12	-86.019
100.14	-86.029
100.16	-86.007
100.18	-86.003
100.2	-85.998
100.22	-86.015
100.24	-86.002
100.26	-85.994
100.28	-86.004
100.3	-86.008
100.32	-85.997
100.34	-85.981
100.36	-85.989
100.38	-86.007
100.4	-85.997
100.42	-85.982
100.44	-86.003
100.46	-86.002
100.48	-86.004
100.5	-86.005
100.52	-86.002
100.54	-86.001
100.56	-86.005
100.58	-86.002
100.6	-86.016
100.62	-86.008
100.64	-86
100.66	-86.013
100.68	-86.021
100.7	-86.006
100.72	-86.013
100.74	-86.018
100.76	-86.011
100.78	-85.996
100.8	-86.004
100.82	-86.001
100.84	-86.017
100.86	-86.007
100.88	-85.994
100.9	-85.993
100.92	-85.996
100.94	-85.996
100.96	-85.981
100.98	-86.006
101	-86.017
101.02	-85.995
101.04	-85.999
101.06	-86.002
101.08	-86.019
101.1	-86.023
101.12	-86.014
101.14	-86.011
101.16	-86.021
101.18	-86.017
101.2	-85.998
101.22	-86.009
101.24	-86.007
101.26	-86.003
101.28	-86.009
101.3	-86.005
101.32	-86.005
101.34	-86.021
101.36	-86.004
101.38	-86.008
101.4	-86.016
101.42	-86.002
101.44	-86.002
101.46	-86.017
101.48	-86.006
101.5	-86.003
101.52	-85.997
101.54	-85.994
101.56	-86.011
101.58	-86.006
101.6	-85.992
101.62	-86.005
101.64	-86.01
101.66	-86.008
101.68	-86
101.7	-86.003
101.72	-86.017
101.74	-86.01
101.76	-86.003
101.78	-85.997
101.8	-85.997
101.82	-85.993
101.84	-85.994
101.86	-86.008
101.88	-86.014
101.9	-86.011
101.92	-85.998
101.94	-86.005
101.96	-86.015
101.98	-86.016
102	-85.999
102.02	-86.01
102.04	-86.022
102.06	-86.01
102.08	-86.011
102.1	-86.01
102.12	-86.009
102.14	-86
102.16	-85.99
102.18	-86.003
102.2	-86.01
102.22	-86.004
102.24	-85.999
102.26	-86
102.28	-86.009
102.3	-85.996
102.32	-85.982
102.34	-85.999
102.36	-86.011
102.38	-86.009
102.4	-86.004
102.42	-86.023
102.44	-86.015
102.46	-86.004
102.48	-85.997
102.5	-86.012
102.52	-86.009
102.54	-86.006
102.56	-86.003
102.58	-86.005
102.6	-86.015
102.62	-86.008
102.64	-85.997
102.66	-86.019
102.68	-86.009
102.7	-85.99
102.72	-86.009
102.74	-86.006
102.76	-86.019
102.78	-86.009
102.8	-86.005
102.82	-86.009
102.84	-86.024
102.86	-86
102.88	-85.999
102.9	-86.002
102.92	-86.019
102.94	-86.016
102.96	-86.004
102.98	-86.014
103	-86.02
103.02	-86.003
103.04	-85.994
103.06	-85.996
103.08	-86.015
103.1	-85.998
103.12	-85.995
103.14	-86.01
103.16	-86.01
103.18	-86.006
103.2	-86.005
103.22	-86.017
103.24	-86.016
103.26	-86.003
103.28	-85.99
103.3	-86
103.32	-86.018
103.34	-86.012
103.36	-85.995
103.38	-86.011
103.4	-86.025
103.42	-86.004
103.44	-85.99
103.46	-86.007
103.48	-86.01
103.5	-86.025
103.52	-86.015
103.54	-86.01
103.56	-86.021
103.58	-86.014
103.6	-86.005
103.62	-86.016
103.64	-86.001
103.66	-85.995
103.68	-85.992
103.7	-86.002
103.72	-86.009
103.74	-86.008
103.76	-86.003
103.78	-86.005
103.8	-86.011
103.82	-86.002
103.84	-86.016
103.86	-86.012
103.88	-86
103.9	-86.013
103.92	-86.016
103.94	-86.024
103.96	-86.012
103.98	-86.006
104	-86.015
104.02	-86.025
104.04	-86.016
104.06	-85.998
104.08	-86.008
104.1	-86.014
104.12	-86.015
104.14	-85.999
104.16	-85.999
104.18	-86.01
104.2	-86.009
104.22	-85.989
104.24	-85.994
104.26	-86.02
104.28	-86.014
104.3	-85.997
104.32	-86.002
104.34	-86.012
104.36	-86.017
104.38	-86.004
104.4	-86.029
104.42	-86.028
104.44	-85.997
104.46	-86.007
104.48	-86.016
104.5	-86.015
104.52	-86.013
104.54	-86.005
104.56	-86.001
104.58	-86.016
104.6	-86.011
104.62	-85.997
104.64	-86
104.66	-86.02
104.68	-86.008
104.7	-85.997
104.72	-86
104.74	-86.021
104.76	-86.004
104.78	-85.999
104.8	-86.009
104.82	-86.019
104.84	-86.017
104.86	-86.011
104.88	-86.009
104.9	-86.024
104.92	-86.02
104.94	-86.015
104.96	-86.01
104.98	-86.015
105	-86.019
105.02	-85.989
105.04	-85.999
105.06	-86.016
105.08	-86.006
105.1	-85.999
105.12	-86.007
105.14	-86.008
105.16	-86.013
105.18	-86.006
105.2	-86.002
105.22	-86.008
105.24	-86
105.26	-85.993
105.28	-86.018
105.3	-86.015
105.32	-86.009
105.34	-86.008
105.36	-86.005
105.38	-86.028
105.4	-86.009
105.42	-86
105.44	-86.02
105.46	-86.022
105.48	-86.013
105.5	-86.004
105.52	-86.024
105.54	-86.027
105.56	-85.993
105.58	-85.999
105.6	-86.008
105.62	-86.027
105.64	-86.01
105.66	-85.993
105.68	-86.01
105.7	-86.015
105.72	-85.995
105.74	-85.999
105.76	-86.014
105.78	-86.012
105.8	-86.008
105.82	-86.005
105.84	-86.014
105.86	-86.019
105.88	-86.012
105.9	-86.007
105.92	-86.018
105.94	-86.02
105.96	-86.025
105.98	-86.008
106	-86.019
106.02	-86.027
106.04	-86.014
106.06	-86.005
106.08	-86.011
106.1	-86.009
106.12	-86.004
106.14	-86.011
106.16	-86.02
106.18	-86.017
106.2	-85.998
106.22	-86.007
106.24	-85.999
106.26	-86.003
106.28	-86
106.3	-86.002
106.32	-86.009
106.34	-86.021
106.36	-86.025
106.38	-86.008
106.4	-86.019
106.42	-86.035
106.44	-86.023
106.46	-86.008
106.48	-86.017
106.5	-86.018
106.52	-86.003
106.54	-86.006
106.56	-86.023
106.58	-86.019
106.6	-85.996
106.62	-85.994
106.64	-86.006
106.66	-86.005
106.68	-86.006
106.7	-85.997
106.72	-86.003
106.74	-86.009
106.76	-85.99
106.78	-86.004
106.8	-86.013
106.82	-86.02
106.84	-86.015
106.86	-86.005
106.88	-85.998
106.9	-86.013
106.92	-86.005
106.94	-86.001
106.96	-86.02
106.98	-86.021
107	-86.012
107.02	-86
107.04	-86.016
107.06	-86.022
107.08	-86.016
107.1	-86.011
107.12	-86.012
107.14	-86.005
107.16	-86.006
107.18	-86.005
107.2	-86.009
107.22	-86.01
107.24	-85.984
107.26	-86.008
107.28	-86.014
107.3	-86.026
107.32	-86.018
107.34	-86.004
107.36	-86.011
107.38	-86.018
107.4	-86.02
107.42	-86.031
107.44	-86.001
107.46	-85.999
107.48	-85.998
107.5	-86.015
107.52	-86.016
107.54	-86.003
107.56	-86.002
107.58	-86.01
107.6	-85.995
107.62	-86.002
107.64	-85.999
107.66	-86.007
107.68	-86.012
107.7	-86.002
107.72	-85.995
107.74	-85.996
107.76	-86.019
107.78	-86.014
107.8	-85.992
107.82	-85.996
107.84	-86.015
107.86	-86.015
107.88	-86.013
107.9	-86.016
107.92	-86.022
107.94	-86.01
107.96	-86
107.98	-86.015
108	-86.022
108.02	-86.011
108.04	-86.001
108.06	-86.007
108.08	-86.017
108.1	-86.025
108.12	-85.998
108.14	-86.005
108.16	-86.012
108.18	-86.015
108.2	-86.001
108.22	-86
108.24	-86.004
108.26	-86.015
108.28	-86.019
108.3	-85.994
108.32	-86.012
108.34	-86.008
108.36	-86.007
108.38	-86.007
108.4	-86.012
108.42	-86.018
108.44	-86.018
108.46	-86.025
108.48	-86.018
108.5	-86.01
108.52	-86.016
108.54	-86.023
108.56	-86.016
108.58	-86.023
108.6	-86.006
108.62	-85.999
108.64	-86.025
108.66	-86.013
108.68	-85.997
108.7	-86.004
108.72	-86.029
108.74	-86.001
108.76	-85.982
108.78	-85.999
108.8	-86.019
108.82	-86.015
108.84	-86.005
108.86	-85.994
108.88	-86.025
108.9	-86.025
108.92	-86.003
108.94	-86.018
108.96	-86.034
108.98	-86.01
109	-86.014
109.02	-86.007
109.04	-86.02
109.06	-86.018
109.08	-85.998
109.1	-86.013
109.12	-86.012
109.14	-86.015
109.16	-86.009
109.18	-85.994
109.2	-86.005
109.22	-86.009
109.24	-85.998
109.26	-86.004
109.28	-86.005
109.3	-86.011
109.32	-86.005
109.34	-86.013
109.36	-86.018
109.38	-86.017
109.4	-86.015
109.42	-86.02
109.44	-86.026
109.46	-86.006
109.48	-86.006
109.5	-86.023
109.52	-86.03
109.54	-86.005
109.56	-86
109.58	-86.014
109.6	-86.008
109.62	-85.993
109.64	-85.985
109.66	-85.995
109.68	-86.01
109.7	-85.99
109.72	-85.992
109.74	-85.991
109.76	-86.016
109.78	-86.007
109.8	-85.993
109.82	-86.004
109.84	-86.019
109.86	-86.006
109.88	-86.01
109.9	-86.018
109.92	-86.024
109.94	-86.024
109.96	-86.012
109.98	-86.013
110	-86.012
110.02	-86.009
110.04	-86.001
110.06	-85.99
110.08	-86.009
110.1	-86.02
110.12	-85.995
110.14	-85.992
110.16	-86.004
110.18	-85.998
110.2	-85.991
110.22	-86.009
110.24	-85.998
110.26	-85.979
110.28	-85.988
110.3	-86.006
110.32	-86.012
110.34	-86.003
110.36	-85.995
110.38	-86.008
110.4	-86.018
110.42	-85.996
110.44	-85.995
110.46	-86.006
110.48	-86.01
110.5	-86.004
110.52	-85.999
110.54	-86.008
110.56	-86.007
110.58	-85.999
110.6	-85.995
110.62	-86.007
110.64	-86.006
110.66	-85.995
110.68	-85.991
110.7	-85.997
110.72	-86.008
110.74	-85.993
110.76	-85.996
110.78	-86.001
110.8	-85.991
110.82	-86
110.84	-86.004
110.86	-86.013
110.88	-86.013
110.9	-86.005
110.92	-86.015
110.94	-86.008
110.96	-86.007
110.98	-86.004
111	-86.003
111.02	-86.017
111.04	-86.004
111.06	-85.994
111.08	-86
111.1	-86.012
111.12	-86.002
111.14	-85.992
111.16	-86.008
111.18	-86.011
111.2	-85.981
111.22	-85.99
111.24	-85.997
111.26	-86.008
111.28	-86.004
111.3	-85.993
111.32	-85.995
111.34	-86.015
111.36	-86.02
111.38	-86.001
111.4	-86
111.42	-86.008
111.44	-86.015
111.46	-86.007
111.48	-86.014
111.5	-86.013
111.52	-86.007
111.54	-86.013
111.56	-85.989
111.58	-86.016
111.6	-86.015
111.62	-85.999
111.64	-85.99
111.66	-86.01
111.68	-86.011
111.7	-86.001
111.72	-85.996
111.74	-85.992
111.76	-86.005
111.78	-85.986
111.8	-85.994
111.82	-86.009
111.84	-86.017
111.86	-86.001
111.88	-86
111.9	-86.03
111.92	-86.01
111.94	-85.997
111.96	-86.006
111.98	-86.004
112	-86.017
112.02	-86.005
112.04	-85.997
112.06	-86.011
112.08	-86.004
112.1	-85.998
112.12	-86.01
112.14	-86.007
112.16	-86.005
112.18	-85.991
112.2	-86.013
112.22	-86.018
112.24	-86.002
112.26	-85.996
112.28	-86.003
112.3	-86.016
112.32	-86.002
112.34	-86.002
112.36	-86.003
112.38	-86.009
112.4	-86.003
112.42	-86.012
112.44	-86.011
112.46	-86.003
112.48	-86.015
112.5	-86.018
112.52	-86
112.54	-86.011
112.56	-86.024
112.58	-86.007
112.6	-86.009
112.62	-86.014
112.64	-86.018
112.66	-86.007
112.68	-86.003
112.7	-86.011
112.72	-86.01
112.74	-86.013
112.76	-86.005
112.78	-86.021
112.8	-86.004
112.82	-86.006
112.84	-86.007
112.86	-86.02
112.88	-86.002
112.9	-86.004
112.92	-86.009
112.94	-85.993
112.96	-86.008
112.98	-85.999
113	-86.003
113.02	-86.017
113.04	-86.009
113.06	-85.999
113.08	-86.011
113.1	-86.009
113.12	-86.004
113.14	-85.994
113.16	-86.004
113.18	-86.02
113.2	-86.015
113.22	-86.002
113.24	-86.008
113.26	-86.01
113.28	-86.022
113.3	-86.009
113.32	-85.994
113.34	-86.01
113.36	-86.013
113.38	-85.997
113.4	-86.008
113.42	-86.019
113.44	-86.015
113.46	-85.988
113.48	-86.005
113.5	-86.02
113.52	-85.999
113.54	-85.994
113.56	-86.007
113.58	-86.009
113.6	-86.001
113.62	-85.988
113.64	-85.998
113.66	-86.012
113.68	-86.006
113.7	-86.006
113.72	-86.012
113.74	-86.025
113.76	-86.007
113.78	-86.007
113.8	-86.012
113.82	-86.016
113.84	-86.007
113.86	-85.996
113.88	-85.998
113.9	-85.997
113.92	-85.982
113.94	-85.989
113.96	-86.008
113.98	-86.003
114	-85.994
114.02	-85.997
114.04	-86.002
114.06	-86.002
114.08	-85.994
114.1	-85.993
114.12	-86.004
114.14	-86.008
114.16	-86.008
114.18	-86
114.2	-86.014
114.22	-86.02
114.24	-86.012
114.26	-86.001
114.28	-86.013
114.3	-86.027
114.32	-86.021
114.34	-85.996
114.36	-85.999
114.38	-86.017
114.4	-86
114.42	-85.993
114.44	-86.01
114.46	-86.014
114.48	-86
114.5	-85.992
114.52	-85.997
114.54	-86.008
114.56	-85.996
114.58	-85.992
114.6	-86.012
114.62	-86.024
114.64	-86.006
114.66	-86.005
114.68	-86.01
114.7	-86.022
114.72	-86.009
114.74	-86.002
114.76	-86.014
114.78	-86.021
114.8	-86.004
114.82	-86.005
114.84	-86.011
114.86	-86.016
114.88	-86.001
114.9	-86.005
114.92	-86.015
114.94	-86.012
114.96	-86
114.98	-85.996
115	-86.008
115.02	-86.007
115.04	-86.005
115.06	-86.011
115.08	-86.018
115.1	-86.014
115.12	-86.001
115.14	-85.998
115.16	-86.026
115.18	-86.021
115.2	-86.013
115.22	-86.004
115.24	-86.024
115.26	-86.022
115.28	-86.012
115.3	-86.01
115.32	-86.021
115.34	-86.01
115.36	-85.999
115.38	-86.009
115.4	-86.011
115.42	-86.016
115.44	-85.997
115.46	-85.995
115.48	-86.005
115.5	-86.005
115.52	-85.992
115.54	-86.001
115.56	-86.007
115.58	-86.014
115.6	-86.023
115.62	-86.012
115.64	-86.013
115.66	-86.008
115.68	-86.009
115.7	-86.011
115.72	-86.017
115.74	-86.028
115.76	-86.018
115.78	-86.001
115.8	-86.024
115.82	-86.017
115.84	-86.009
115.86	-86.015
115.88	-86.011
115.9	-86.004
115.92	-86.009
115.94	-86.018
115.96	-86.015
115.98	-86.019
116	-86.006
116.02	-86.01
116.04	-86.013
116.06	-86.001
116.08	-86.009
116.1	-86.011
116.12	-86.012
116.14	-86.034
116.16	-86.023
116.18	-86.021
116.2	-86.026
116.22	-86.025
116.24	-86.003
116.26	-86.019
116.28	-86.019
116.3	-86.015
116.32	-86.013
116.34	-86.007
116.36	-86.007
116.38	-86.015
116.4	-86.011
116.42	-86.006
116.44	-86.016
116.46	-86.019
116.48	-86.007
116.5	-86.013
116.52	-86.003
116.54	-86.001
116.56	-86.002
116.58	-86.009
116.6	-86.016
116.62	-85.999
116.64	-86.013
116.66	-86.019
116.68	-86.015
116.7	-86.009
116.72	-86.006
116.74	-86.014
116.76	-86.029
116.78	-86.036
116.8	-86.01
116.82	-86.025
116.84	-86.025
116.86	-86.014
116.88	-86.001
116.9	-85.997
116.92	-86
116.94	-86.008
116.96	-86.006
116.98	-86.01
117	-85.998
117.02	-86.003
117.04	-86.007
117.06	-86.004
117.08	-86.009
117.1	-86.015
117.12	-86.011
117.14	-86.012
117.16	-86.007
117.18	-86.027
117.2	-86.027
117.22	-86.023
117.24	-86.02
117.26	-86.026
117.28	-86.012
117.3	-86.02
117.32	-86.026
117.34	-86.011
117.36	-86.003
117.38	-86.011
117.4	-86.021
117.42	-86.015
117.44	-86
117.46	-86.001
117.48	-86.006
117.5	-86.002
117.52	-86.006
117.54	-86.008
117.56	-86.016
117.58	-86.003
117.6	-85.998
117.62	-86.012
117.64	-86.023
117.66	-86.011
117.68	-86.008
117.7	-86.016
117.72	-86.031
117.74	-86.018
117.76	-86.006
117.78	-86.002
117.8	-86.021
117.82	-86.012
117.84	-86.007
117.86	-86.015
117.88	-86.013
117.9	-86.015
117.92	-85.994
117.94	-85.996
117.96	-86.003
117.98	-86.004
118	-86.016
118.02	-86.009
118.04	-86.006
118.06	-86.01
118.08	-86.007
118.1	-86.007
118.12	-86.01
118.14	-85.997
118.16	-86.001
118.18	-86.034
118.2	-86.02
118.22	-85.998
118.24	-86.002
118.26	-86.023
118.28	-86.01
118.3	-86.004
118.32	-86.01
118.34	-86.027
118.36	-86.023
118.38	-86.004
118.4	-86.004
118.42	-86.008
118.44	-86.02
118.46	-85.999
118.48	-86.005
118.5	-86.017
118.52	-86.025
118.54	-85.992
118.56	-85.999
118.58	-86.013
118.6	-86.014
118.62	-86.006
118.64	-85.995
118.66	-86.007
118.68	-86.009
118.7	-86.004
118.72	-86.007
118.74	-86.01
118.76	-86.03
118.78	-86.023
118.8	-86.011
118.82	-86.013
118.84	-86.014
118.86	-86.017
118.88	-86.021
118.9	-86.017
118.92	-86.012
118.94	-86.013
118.96	-86.014
118.98	-86.017
119	-86.007
119.02	-86.012
119.04	-86.005
119.06	-86.012
119.08	-86.016
119.1	-85.998
119.12	-85.997
119.14	-86.019
119.16	-86.011
119.18	-86.012
119.2	-86.015
119.22	-86.026
119.24	-86.016
119.26	-86.009
119.28	-86.023
119.3	-86.036
119.32	-86.013
119.34	-86.006
119.36	-86.012
119.38	-86.019
119.4	-86.028
119.42	-86.013
119.44	-86.008
119.46	-86.009
119.48	-86.011
119.5	-86.013
119.52	-86.012
119.54	-85.992
119.56	-86.01
119.58	-86.012
119.6	-85.996
119.62	-86.01
119.64	-86.013
119.66	-86.007
119.68	-86.014
119.7	-86.01
119.72	-86.005
119.74	-86.02
119.76	-86.023
119.78	-86.018
119.8	-86.012
119.82	-86.003
119.84	-86.02
119.86	-86.027
119.88	-86.005
119.9	-86.007
119.92	-86.017
119.94	-86.024
119.96	-86.004
119.98	-86.006
120	-86.011
120.02	-86.013
120.04	-86.007
120.06	-86
120.08	-86.005
120.1	-86.022
120.12	-86.019
120.14	-86.003
120.16	-86.002
120.18	-86.023
120.2	-86.008
120.22	-85.998
120.24	-86.015
120.26	-86.026
120.28	-86.009
120.3	-86.011
120.32	-86.007
120.34	-86.033
120.36	-86.035
120.38	-86.016
120.4	-86.017
120.42	-86.022
120.44	-86.018
120.46	-86.009
120.48	-86.004
120.5	-86.027
120.52	-86.018
120.54	-85.995
120.56	-86.014
120.58	-86.001
120.6	-86.007
120.62	-86.01
120.64	-85.997
120.66	-86.003
120.68	-86.007
120.7	-86.007
120.72	-86.026
120.74	-86.027
120.76	-86.015
120.78	-86.021
120.8	-86.02
120.82	-86.03
120.84	-86.037
120.86	-86.025
120.88	-86.027
120.9	-86.033
120.92	-86.021
120.94	-85.999
120.96	-86.012
120.98	-86.026
121	-85.999
121.02	-85.994
121.04	-86.021
121.06	-86.018
121.08	-86.008
121.1	-86.005
121.12	-86.008
121.14	-86.022
121.16	-86.015
121.18	-86.015
121.2	-86.017
121.22	-86.028
121.24	-86.022
121.26	-86.019
121.28	-86.011
121.3	-86.021
121.32	-86.029
121.34	-86.018
121.36	-86.01
121.38	-86.014
121.4	-86.017
121.42	-86.011
121.44	-86.019
121.46	-86.013
121.48	-86.007
121.5	-86.003
121.52	-86.027
121.54	-86.019
121.56	-86.005
121.58	-86.006
121.6	-86.017
121.62	-86.027
121.64	-86.014
121.66	-86.001
121.68	-86.015
121.7	-86.024
121.72	-86.037
121.74	-86.018
121.76	-86.011
121.78	-86.024
121.8	-86.011
121.82	-86.004
121.84	-86.009
121.86	-86.032
121.88	-86.017
121.9	-86.01
121.92	-86.02
121.94	-86.013
121.96	-86.004
121.98	-86.002
122	-86.012
122.02	-86.02
122.04	-86.007
122.06	-86.003
122.08	-86.023
122.1	-86.021
122.12	-86.011
122.14	-86.006
122.16	-86.014
122.18	-86.022
122.2	-86.026
122.22	-86.013
122.24	-86.026
122.26	-86.026
122.28	-86.015
122.3	-86.018
122.32	-86.018
122.34	-86.027
122.36	-86.022
122.38	-86.015
122.4	-86.022
122.42	-86.014
122.44	-86.004
122.46	-86.008
122.48	-86.027
122.5	-86.024
122.52	-86.001
122.54	-86.01
122.56	-86.029
122.58	-86.029
122.6	-86.005
122.62	-86.018
122.64	-86.023
122.66	-86.023
122.68	-86.014
122.7	-86.006
122.72	-86.019
122.74	-86.014
122.76	-86.017
122.78	-86.022
122.8	-86.012
122.82	-86.02
122.84	-86.007
122.86	-86.001
122.88	-86.015
122.9	-86.022
122.92	-86.007
122.94	-86.01
122.96	-86.024
122.98	-86.026
123	-86.021
123.02	-86.008
123.04	-86.025
123.06	-86.03
123.08	-86.011
123.1	-86.022
123.12	-86.016
123.14	-86.02
123.16	-86.022
123.18	-86.014
123.2	-86.02
123.22	-86.013
123.24	-86.014
123.26	-86.018
123.28	-86.018
123.3	-86.019
123.32	-86.012
123.34	-86.005
123.36	-86.013
123.38	-86.011
123.4	-86.015
123.42	-86.006
123.44	-86.013
123.46	-86.016
123.48	-86.005
123.5	-86.022
123.52	-86.036
123.54	-86.019
123.56	-86.013
123.58	-86.015
123.6	-86.018
123.62	-86.029
123.64	-86.013
123.66	-86.01
123.68	-86.019
123.7	-86.021
123.72	-86.009
123.74	-86.006
123.76	-86.022
123.78	-86.015
123.8	-86
123.82	-86.009
123.84	-86.02
123.86	-86.03
123.88	-86.015
123.9	-86.015
123.92	-86.018
123.94	-86.021
123.96	-86.013
123.98	-86.025
124	-86.021
124.02	-86.026
124.04	-86.019
124.06	-86.015
124.08	-86.03
124.1	-86.021
124.12	-86.017
124.14	-86.016
124.16	-86.025
124.18	-86.022
124.2	-86.013
124.22	-86.024
124.24	-86.026
124.26	-86.009
124.28	-86.004
124.3	-86.004
124.32	-86.025
124.34	-86.016
124.36	-86.012
124.38	-86.021
124.4	-86.022
124.42	-86.015
124.44	-86
124.46	-86.017
124.48	-86.034
124.5	-86.033
124.52	-86.026
124.54	-86.02
124.56	-86.033
124.58	-86.025
124.6	-86.016
124.62	-86.023
124.64	-86.033
124.66	-86.013
124.68	-86.009
124.7	-86.028
124.72	-86.015
124.74	-86.011
124.76	-86.006
124.78	-86.006
124.8	-86.021
124.82	-86.015
124.84	-86.005
124.86	-86.019
124.88	-86.016
124.9	-86.006
124.92	-86.007
124.94	-86.026
124.96	-86.021
124.98	-86.015
125	-86.011
125.02	-86.02
125.04	-86.038
125.06	-86.027
125.08	-86.015
125.1	-86.031
125.12	-86.029
125.14	-86.013
125.16	-86.014
125.18	-86.02
125.2	-86.026
125.22	-86.015
125.24	-86.018
125.26	-86.023
125.28	-86.01
125.3	-86.002
125.32	-86.013
125.34	-86.011
125.36	-86.011
125.38	-86.016
125.4	-86.003
125.42	-86.016
125.44	-86.005
125.46	-86.019
125.48	-86.025
125.5	-86.03
125.52	-86.024
125.54	-86.03
125.56	-86.02
125.58	-86.029
125.6	-86.038
125.62	-86.014
125.64	-86.012
125.66	-86.03
125.68	-86.013
125.7	-86.016
125.72	-86.006
125.74	-86.006
125.76	-86.016
125.78	-86.024
125.8	-86.019
125.82	-86.014
125.84	-86.013
125.86	-86.015
125.88	-86.016
125.9	-86.018
125.92	-86.025
125.94	-86.016
125.96	-86.017
125.98	-86.01
126	-86.015
126.02	-86.015
126.04	-86.023
126.06	-86.021
126.08	-86.011
126.1	-86.002
126.12	-86.013
126.14	-86.021
126.16	-86.026
126.18	-86.014
126.2	-86.002
126.22	-86.014
126.24	-86.021
126.26	-86.011
126.28	-85.992
126.3	-86.024
126.32	-86.023
126.34	-86.003
126.36	-86.004
126.38	-86.022
126.4	-86.016
126.42	-86.006
126.44	-86.002
126.46	-86.017
126.48	-86.028
126.5	-86.022
126.52	-86.015
126.54	-86.025
126.56	-86.022
126.58	-86.015
126.6	-86.011
126.62	-86.017
126.64	-86.02
126.66	-86.012
126.68	-86.015
126.7	-86.023
126.72	-86.017
126.74	-86.019
126.76	-86.005
126.78	-86.011
126.8	-86.026
126.82	-86.011
126.84	-86.004
126.86	-86.03
126.88	-86.027
126.9	-86.017
126.92	-85.992
126.94	-86.019
126.96	-86.031
126.98	-86.015
127	-86.012
127.02	-86.026
127.04	-86.028
127.06	-86.019
127.08	-86.018
127.1	-86.032
127.12	-86.03
127.14	-86.029
127.16	-86.021
127.18	-86.021
127.2	-86.02
127.22	-86.013
127.24	-86.013
127.26	-86.024
127.28	-86.012
127.3	-86.008
127.32	-86.018
127.34	-86.015
127.36	-86.012
127.38	-86.007
127.4	-86.015
127.42	-86.016
127.44	-86.005
127.46	-86.019
127.48	-86.029
127.5	-86.015
127.52	-86.019
127.54	-86.011
127.56	-86.024
127.58	-86.025
127.6	-86.03
127.62	-86.011
127.64	-86.009
127.66	-86.023
127.68	-86.022
127.7	-85.996
127.72	-86.007
127.74	-86.017
127.76	-86.013
127.78	-86.01
127.8	-86.01
127.82	-86.024
127.84	-86.015
127.86	-86.002
127.88	-86.01
127.9	-86.024
127.92	-86.026
127.94	-86.01
127.96	-86.016
127.98	-86.026
128	-86.015
128.02	-86.003
128.04	-86.009
128.06	-86.038
128.08	-86.02
128.1	-86.006
128.12	-86.013
128.14	-86.033
128.16	-86.027
128.18	-86.016
128.2	-86.017
128.22	-86.034
128.24	-86.022
128.26	-86.016
128.28	-86.022
128.3	-86.006
128.32	-86.023
128.34	-86.01
128.36	-86.013
128.38	-86.01
128.4	-86.007
128.42	-86.018
128.44	-86.019
128.46	-86.012
128.48	-86.016
128.5	-86.014
128.52	-86.03
128.54	-86.032
128.56	-86.029
128.58	-86.013
128.6	-86.031
128.62	-86.044
128.64	-86.015
128.66	-86.022
128.68	-86.026
128.7	-86.026
128.72	-86.009
128.74	-86.007
128.76	-86.022
128.78	-86.019
128.8	-86.009
128.82	-86.004
128.84	-86.017
128.86	-86.022
128.88	-86.004
128.9	-86
128.92	-86.014
128.94	-86.02
128.96	-86.019
128.98	-85.997
129	-86.006
129.02	-86.031
129.04	-86.012
129.06	-86.018
