2001 2
0.1 0.10821
0.2 0.11755
0.3 0.13586
0.4 5.5601
0.5 0.88228
0.6 -1.6467
0.7 -0.98216
0.8 -0.62241
0.9 -0.38868
1 -0.23969
1.1 -0.13162
1.2 -0.058735
1.3 0.0019409
1.4 0.042511
1.5 0.1057
1.6 0.18146
1.7 0.28163
1.8 0.41195
1.9 0.57675
2 0.74549
2.1 0.94655
2.2 1.1393
2.3 1.3128
2.4 1.5167
2.5 1.7109
2.6 1.9044
2.7 2.0976
2.8 2.2613
2.9 2.4383
3 2.6053
3.1 2.7521
3.2 2.8835
3.3 3.0085
3.4 3.1172
3.5 3.2181
3.6 3.3018
3.7 3.3686
3.8 3.445
3.9 3.5215
4 3.5926
4.1 3.6662
4.2 3.7305
4.3 3.7915
4.4 3.8439
4.5 3.8996
4.6 3.9391
4.7 3.976
4.8 4.0127
4.9 4.0633
5 4.0906
5.1 4.1082
5.2 4.1383
5.3 4.1595
5.4 4.1846
5.5 4.2055
5.6 4.2292
5.7 4.2554
5.8 4.2859
5.9 4.3121
6 4.3257
6.1 4.3498
6.2 4.3807
6.3 4.409
6.4 4.4575
6.5 4.5088
6.6 4.5623
6.7 4.6022
6.8 4.6657
6.9 4.7135
7 4.7429
7.1 4.7853
7.2 4.8187
7.3 4.841
7.4 4.869
7.5 4.9023
7.6 4.926
7.7 4.9433
7.8 4.9591
7.9 4.9698
8 4.9925
8.1 5.0119
8.2 5.0233
8.3 5.0345
8.4 5.037
8.5 5.037
8.6 5.0406
8.7 5.0578
8.8 5.0636
8.9 5.0578
9 5.0474
9.1 5.0463
9.2 5.0413
9.3 5.0409
9.4 5.0381
9.5 5.0262
9.6 5.0169
9.7 5.0111
9.8 5.0022
9.9 4.9896
10 4.9921
10.1 4.9792
10.2 4.9659
10.3 4.9576
10.4 4.9526
10.5 4.9386
10.6 4.9199
10.7 4.9081
10.8 4.897
10.9 4.8819
11 4.8664
11.1 4.8481
11.2 4.8309
11.3 4.8226
11.4 4.8022
11.5 4.7875
11.6 4.7699
11.7 4.7541
11.8 4.7465
11.9 4.7264
12 4.7167
12.1 4.6948
12.2 4.6747
12.3 4.66
12.4 4.6349
12.5 4.6234
12.6 4.6112
12.7 4.5907
12.8 4.576
12.9 4.5519
13 4.5336
13.1 4.5243
13.2 4.5088
13.3 4.4884
13.4 4.4686
13.5 4.4543
13.6 4.4406
13.7 4.422
13.8 4.4126
13.9 4.3918
14 4.3771
14.1 4.3537
14.2 4.3498
14.3 4.3308
14.4 4.3175
14.5 4.3049
14.6 4.2859
14.7 4.2615
14.8 4.246
14.9 4.2349
15 4.2091
15.1 4.1954
15.2 4.1846
15.3 4.1717
15.4 4.1541
15.5 4.139
15.6 4.1297
15.7 4.1003
15.8 4.0899
15.9 4.0802
16 4.0637
16.1 4.0407
16.2 4.0252
16.3 4.0098
16.4 3.9929
16.5 3.9746
16.6 3.9502
16.7 3.9326
16.8 3.9204
16.9 3.901
17 3.8813
17.1 3.8687
17.2 3.8504
17.3 3.8339
17.4 3.817
17.5 3.7976
17.6 3.7854
17.7 3.7696
17.8 3.7592
17.9 3.7488
18 3.7348
18.1 3.7229
18.2 3.7132
18.3 3.6935
18.4 3.6737
18.5 3.6709
18.6 3.659
18.7 3.6371
18.8 3.6278
18.9 3.6113
19 3.6055
19.1 3.5908
19.2 3.5786
19.3 3.575
19.4 3.5538
19.5 3.5431
19.6 3.5247
19.7 3.5176
19.8 3.5158
19.9 3.5025
20 3.4971
20.1 3.4899
20.2 3.4756
20.3 3.4598
20.4 3.4616
20.5 3.4594
20.6 3.4418
20.7 3.4271
20.8 3.416
20.9 3.4167
21 3.4095
21.1 3.3976
21.2 3.3779
21.3 3.3696
21.4 3.3538
21.5 3.3373
21.6 3.3316
21.7 3.3284
21.8 3.3176
21.9 3.3097
22 3.2968
22.1 3.2813
22.2 3.2706
22.3 3.2612
22.4 3.2512
22.5 3.235
22.6 3.2278
22.7 3.207
22.8 3.197
22.9 3.1952
23 3.1887
23.1 3.1758
23.2 3.1679
23.3 3.1546
23.4 3.1463
23.5 3.1269
23.6 3.1262
23.7 3.1183
23.8 3.1101
23.9 3.1054
24 3.0936
24.1 3.0846
24.2 3.0892
24.3 3.0559
24.4 3.0526
24.5 3.0501
24.6 3.039
24.7 3.0235
24.8 3.016
24.9 3.0095
25 3.0113
25.1 3.0056
25.2 2.9934
25.3 2.9855
25.4 2.9772
25.5 2.9726
25.6 2.9675
25.7 2.9607
25.8 2.9471
25.9 2.9367
26 2.9216
26.1 2.9173
26.2 2.9029
26.3 2.8975
26.4 2.8914
26.5 2.8763
26.6 2.8695
26.7 2.8584
26.8 2.844
26.9 2.8315
27 2.8311
27.1 2.8254
27.2 2.8157
27.3 2.7988
27.4 2.7833
27.5 2.7665
27.6 2.7661
27.7 2.7557
27.8 2.7342
27.9 2.7284
28 2.7169
28.1 2.6968
28.2 2.6828
28.3 2.6771
28.4 2.6703
28.5 2.6584
28.6 2.6473
28.7 2.6379
28.8 2.6229
28.9 2.6092
29 2.6017
29.1 2.5891
29.2 2.5794
29.3 2.5633
29.4 2.5643
29.5 2.56
29.6 2.5572
29.7 2.541
29.8 2.5248
29.9 2.5134
30 2.5026
30.1 2.5019
30.2 2.4915
30.3 2.4796
30.4 2.4631
30.5 2.4509
30.6 2.4516
30.7 2.4462
30.8 2.4372
30.9 2.4197
31 2.4053
31.1 2.4021
31.2 2.3837
31.3 2.383
31.4 2.3769
31.5 2.3626
31.6 2.3539
31.7 2.3392
31.8 2.3403
31.9 2.3324
32 2.3227
32.1 2.3148
32.2 2.3148
32.3 2.294
32.4 2.2954
32.5 2.2861
32.6 2.2642
32.7 2.261
32.8 2.257
32.9 2.2412
33 2.2369
33.1 2.2373
33.2 2.2161
33.3 2.1963
33.4 2.1827
33.5 2.1759
33.6 2.1676
33.7 2.1594
33.8 2.1511
33.9 2.1471
34 2.1392
34.1 2.1238
34.2 2.1173
34.3 2.1059
34.4 2.0965
34.5 2.0893
34.6 2.0861
34.7 2.0725
34.8 2.0639
34.9 2.0599
35 2.0516
35.1 2.0473
35.2 2.0279
35.3 2.0172
35.4 2.0114
35.5 2.0078
35.6 2.0017
35.7 1.9802
35.8 1.9644
35.9 1.964
36 1.9633
36.1 1.9529
36.2 1.9335
36.3 1.9281
36.4 1.9192
36.5 1.9149
36.6 1.8926
36.7 1.8793
36.8 1.8883
36.9 1.8714
37 1.8649
37.1 1.861
37.2 1.8517
37.3 1.8387
37.4 1.833
37.5 1.8158
37.6 1.8071
37.7 1.8046
37.8 1.7985
37.9 1.7921
38 1.7845
38.1 1.7791
38.2 1.7662
38.3 1.759
38.4 1.7605
38.5 1.7519
38.6 1.7465
38.7 1.7407
38.8 1.7282
38.9 1.7224
39 1.717
39.1 1.7106
39.2 1.6962
39.3 1.6883
39.4 1.6765
39.5 1.6714
39.6 1.6617
39.7 1.6571
39.8 1.637
39.9 1.6319
40 1.6201
40.1 1.6158
40.2 1.6075
40.3 1.6054
40.4 1.5849
40.5 1.5774
40.6 1.5752
40.7 1.558
40.8 1.5454
40.9 1.5472
41 1.5472
41.1 1.5361
41.2 1.5339
41.3 1.5224
41.4 1.517
41.5 1.5156
41.6 1.4987
41.7 1.5002
41.8 1.4937
41.9 1.4894
42 1.475
42.1 1.4689
42.2 1.4671
42.3 1.4589
42.4 1.4442
42.5 1.4291
42.6 1.4241
42.7 1.4223
42.8 1.4154
42.9 1.4144
43 1.4097
43.1 1.4086
43.2 1.4079
43.3 1.3986
43.4 1.3932
43.5 1.3763
43.6 1.3763
43.7 1.3738
43.8 1.3681
43.9 1.3501
44 1.3426
44.1 1.3436
44.2 1.3343
44.3 1.3343
44.4 1.3203
44.5 1.3203
44.6 1.3181
44.7 1.3009
44.8 1.3052
44.9 1.2995
45 1.2955
45.1 1.2783
45.2 1.2761
45.3 1.2711
45.4 1.2661
45.5 1.2629
45.6 1.2568
45.7 1.2478
45.8 1.2349
45.9 1.2359
46 1.2291
46.1 1.2151
46.2 1.2212
46.3 1.2212
46.4 1.2112
46.5 1.2011
46.6 1.1875
46.7 1.176
46.8 1.1853
46.9 1.1814
47 1.1778
47.1 1.1724
47.2 1.1616
47.3 1.1638
47.4 1.1623
47.5 1.1469
47.6 1.1354
47.7 1.1347
47.8 1.1268
47.9 1.1236
48 1.12
48.1 1.1063
48.2 1.1017
48.3 1.107
48.4 1.0981
48.5 1.1006
48.6 1.0959
48.7 1.0812
48.8 1.074
48.9 1.0855
49 1.0693
49.1 1.0747
49.2 1.0819
49.3 1.0736
49.4 1.0672
49.5 1.064
49.6 1.0578
49.7 1.0532
49.8 1.0496
49.9 1.0456
50 1.0399
50.1 1.0395
50.2 1.0334
50.3 1.0306
50.4 1.0205
50.5 1.0083
50.6 1.0108
50.7 1.0079
50.8 1.0069
50.9 0.98748
51 0.98748
51.1 0.98568
51.2 0.98999
51.3 0.98209
51.4 0.96953
51.5 0.96845
51.6 0.9645
51.7 0.95624
51.8 0.9584
51.9 0.95086
52 0.93937
52.1 0.93973
52.2 0.93973
52.3 0.92321
52.4 0.91855
52.5 0.91675
52.6 0.90239
52.7 0.91783
52.8 0.90562
52.9 0.91065
53 0.89808
53.1 0.8909
53.2 0.8909
53.3 0.89054
53.4 0.88551
53.5 0.88121
53.6 0.86146
53.7 0.86002
53.8 0.85751
53.9 0.85572
54 0.84782
54.1 0.84674
54.2 0.83992
54.3 0.83597
54.4 0.83022
54.5 0.82986
54.6 0.82233
54.7 0.8155
54.8 0.81335
54.9 0.80114
55 0.80222
55.1 0.79899
55.2 0.79899
55.3 0.80042
55.4 0.79504
55.5 0.78606
55.6 0.7936
55.7 0.78283
55.8 0.77314
55.9 0.77278
56 0.76668
56.1 0.76919
56.2 0.7656
56.3 0.76021
56.4 0.76021
56.5 0.74693
56.6 0.75088
56.7 0.7577
56.8 0.74657
56.9 0.73472
57 0.73544
57.1 0.73257
57.2 0.734
57.3 0.72144
57.4 0.70887
57.5 0.71174
57.6 0.70385
57.7 0.69846
57.8 0.69307
57.9 0.68877
58 0.68733
58.1 0.68051
58.2 0.67081
58.3 0.66938
58.4 0.65753
58.5 0.6543
58.6 0.64748
58.7 0.64568
58.8 0.64963
58.9 0.64389
59 0.64209
59.1 0.64281
59.2 0.63204
59.3 0.62378
59.4 0.62953
59.5 0.62486
59.6 0.62342
59.7 0.62127
59.8 0.6166
59.9 0.61804
60 0.60834
60.1 0.60332
60.2 0.60547
60.3 0.60332
60.4 0.59362
60.5 0.59255
60.6 0.59721
60.7 0.58608
60.8 0.58967
60.9 0.59757
61 0.58788
61.1 0.58213
61.2 0.59003
61.3 0.58752
61.4 0.58752
61.5 0.57675
61.6 0.56526
61.7 0.56957
61.8 0.57136
61.9 0.57603
62 0.5649
62.1 0.56239
62.2 0.55521
62.3 0.55664
62.4 0.5491
62.5 0.54731
62.6 0.54982
62.7 0.54874
62.8 0.54264
62.9 0.53223
63 0.53151
63.1 0.52541
63.2 0.53833
63.3 0.52684
63.4 0.51966
63.5 0.515
63.6 0.50602
63.7 0.50602
63.8 0.5053
63.9 0.50315
64 0.49597
64.1 0.50028
64.2 0.50566
64.3 0.5053
64.4 0.50602
64.5 0.50602
64.6 0.5053
64.7 0.50674
64.8 0.50243
64.9 0.50853
65 0.49525
65.1 0.49202
65.2 0.48807
65.3 0.4895
65.4 0.48986
65.5 0.48232
65.6 0.46401
65.7 0.47335
65.8 0.47945
65.9 0.46545
66 0.45576
66.1 0.45791
66.2 0.45755
66.3 0.4615
66.4 0.44929
66.5 0.44678
66.6 0.44534
66.7 0.43385
66.8 0.43601
66.9 0.4317
67 0.43673
67.1 0.43637
67.2 0.43278
67.3 0.43206
67.4 0.42919
67.5 0.42919
67.6 0.43529
67.7 0.42991
67.8 0.41267
67.9 0.41303
68 0.41662
68.1 0.41088
68.2 0.41411
68.3 0.40872
68.4 0.40908
68.5 0.40441
68.6 0.39831
68.7 0.39508
68.8 0.39113
68.9 0.39508
69 0.39185
69.1 0.39185
69.2 0.38503
69.3 0.37928
69.4 0.38862
69.5 0.37569
69.6 0.37677
69.7 0.36995
69.8 0.37785
69.9 0.37892
70 0.37856
70.1 0.3721
70.2 0.38
70.3 0.36779
70.4 0.36887
70.5 0.35989
70.6 0.35989
70.7 0.35307
70.8 0.34912
70.9 0.34876
71 0.35128
71.1 0.35415
71.2 0.34984
71.3 0.35128
71.4 0.34769
71.5 0.34302
71.6 0.33297
71.7 0.33404
71.8 0.33871
71.9 0.33512
72 0.33153
72.1 0.33225
72.2 0.32579
72.3 0.32974
72.4 0.33009
72.5 0.3362
72.6 0.3283
72.7 0.32435
72.8 0.33153
72.9 0.32579
73 0.31681
73.1 0.31609
73.2 0.32184
73.3 0.32758
73.4 0.31645
73.5 0.31358
73.6 0.30963
73.7 0.31753
73.8 0.31896
73.9 0.31573
74 0.30173
74.1 0.30101
74.2 0.30101
74.3 0.30532
74.4 0.30424
74.5 0.3003
74.6 0.2924
74.7 0.29491
74.8 0.29599
74.9 0.29563
75 0.30065
75.1 0.29706
75.2 0.28557
75.3 0.28593
75.4 0.30783
75.5 0.3003
75.6 0.30568
75.7 0.29994
75.8 0.29455
75.9 0.30209
76 0.29419
76.1 0.29311
76.2 0.28522
76.3 0.28952
76.4 0.29491
76.5 0.28988
76.6 0.27983
76.7 0.28557
76.8 0.28952
76.9 0.29563
77 0.28845
77.1 0.29204
77.2 0.29276
77.3 0.29742
77.4 0.29922
77.5 0.30173
77.6 0.28593
77.7 0.27983
77.8 0.28198
77.9 0.28091
78 0.27409
78.1 0.28127
78.2 0.27911
78.3 0.28593
78.4 0.28091
78.5 0.28127
78.6 0.26834
78.7 0.27588
78.8 0.27624
78.9 0.27157
79 0.27193
79.1 0.27373
79.2 0.27444
79.3 0.27516
79.4 0.27229
79.5 0.27014
79.6 0.27193
79.7 0.26762
79.8 0.2748
79.9 0.26655
80 0.26547
80.1 0.26655
80.2 0.26619
80.3 0.26152
80.4 0.26116
80.5 0.26547
80.6 0.26331
80.7 0.25937
80.8 0.26547
80.9 0.26547
81 0.26655
81.1 0.26044
81.2 0.25937
81.3 0.25685
81.4 0.25865
81.5 0.25901
81.6 0.25649
81.7 0.25254
81.8 0.24824
81.9 0.25721
82 0.26044
82.1 0.25937
82.2 0.25685
82.3 0.25219
82.4 0.25003
82.5 0.25254
82.6 0.25578
82.7 0.25039
82.8 0.24788
82.9 0.24788
83 0.23603
83.1 0.23711
83.2 0.231
83.3 0.22418
83.4 0.22131
83.5 0.217
83.6 0.22777
83.7 0.22203
83.8 0.22203
83.9 0.20838
84 0.21485
84.1 0.20695
84.2 0.20767
84.3 0.20731
84.4 0.20874
84.5 0.20372
84.6 0.19654
84.7 0.19689
84.8 0.1933
84.9 0.19259
85 0.19366
85.1 0.19654
85.2 0.20013
85.3 0.2012
85.4 0.20192
85.5 0.19725
85.6 0.18397
85.7 0.19007
85.8 0.1933
85.9 0.19402
86 0.19438
86.1 0.19187
86.2 0.18074
86.3 0.18217
86.4 0.18038
86.5 0.18505
86.6 0.17858
86.7 0.17751
86.8 0.17822
86.9 0.16709
87 0.16494
87.1 0.15848
87.2 0.16099
87.3 0.17212
87.4 0.16961
87.5 0.17212
87.6 0.16602
87.7 0.16207
87.8 0.16853
87.9 0.15776
88 0.14735
88.1 0.15273
88.2 0.15273
88.3 0.15561
88.4 0.15202
88.5 0.14986
88.6 0.1495
88.7 0.15525
88.8 0.15489
88.9 0.15596
89 0.16099
89.1 0.15345
89.2 0.14807
89.3 0.14053
89.4 0.13765
89.5 0.14483
89.6 0.14412
89.7 0.13658
89.8 0.14555
89.9 0.14914
90 0.14376
90.1 0.1294
90.2 0.13371
90.3 0.13083
90.4 0.12976
90.5 0.12545
90.6 0.12581
90.7 0.1294
90.8 0.12832
90.9 0.1215
91 0.1197
91.1 0.11827
91.2 0.11468
91.3 0.11934
91.4 0.11145
91.5 0.10642
91.6 0.11827
91.7 0.10893
91.8 0.11575
91.9 0.10103
92 0.10785
92.1 0.10821
92.2 0.10355
92.3 0.094212
92.4 0.093494
92.5 0.093135
92.6 0.095289
92.7 0.096366
92.8 0.092058
92.9 0.090621
93 0.082005
93.1 0.091698
93.2 0.083082
93.3 0.079491
93.4 0.085954
93.5 0.07985
93.6 0.070157
93.7 0.071593
93.8 0.072311
93.9 0.075183
94 0.07626
94.1 0.064053
94.2 0.058309
94.3 0.062617
94.4 0.07267
94.5 0.066566
94.6 0.072311
94.7 0.068362
94.8 0.065489
94.9 0.061899
95 0.066566
95.1 0.064053
95.2 0.06154
95.3 0.062976
95.4 0.068721
95.5 0.064053
95.6 0.061899
95.7 0.056873
95.8 0.064771
95.9 0.055795
96 0.055436
96.1 0.046461
96.2 0.045743
96.3 0.05041
96.4 0.052923
96.5 0.053282
96.6 0.047179
96.7 0.043588
96.8 0.042511
96.9 0.041434
97 0.041075
97.1 0.036049
97.2 0.038562
97.3 0.038562
97.4 0.042511
97.5 0.041434
97.6 0.039998
97.7 0.055077
97.8 0.054718
97.9 0.062617
98 0.05795
98.1 0.052923
98.2 0.057232
98.3 0.052923
98.4 0.045743
98.5 0.051487
98.6 0.041075
98.7 0.044306
98.8 0.047897
98.9 0.048256
99 0.055077
99.1 0.054718
99.2 0.053641
99.3 0.053282
99.4 0.054359
99.5 0.048615
99.6 0.047538
99.7 0.04682
99.8 0.048974
99.9 0.042511
100 0.050769
100.1 0.03569
100.2 0.042152
100.3 0.045743
100.4 0.042152
100.5 0.043947
100.6 0.04287
100.7 0.047538
100.8 0.043947
100.9 0.042152
101 0.037126
101.1 0.041434
101.2 0.043947
101.3 0.051846
101.4 0.045743
101.5 0.048974
101.6 0.033895
101.7 0.029945
101.8 0.028509
101.9 0.036408
102 0.037126
102.1 0.03928
102.2 0.027073
102.3 0.027432
102.4 0.020251
102.5 0.02061
102.6 0.020251
102.7 0.022765
102.8 0.023483
102.9 0.01702
103 0.025637
103.1 0.025278
103.2 0.014866
103.3 0.014866
103.4 0.010199
103.5 0.012712
103.6 0.0073264
103.7 0.0076854
103.8 0.012712
103.9 0.010917
104 0.0044541
104.1 0.003377
104.2 0.0066083
104.3 0.0087625
104.4 0.011635
104.5 0.003377
104.6 0.00050478
104.7 0.003377
104.8 -0.0041626
104.9 -0.010625
105 -0.013138
105.1 -0.014215
105.2 -0.021037
105.3 -0.022832
105.4 -0.030013
105.5 -0.030731
105.6 -0.027859
105.7 -0.026423
105.8 -0.024986
105.9 -0.032167
106 -0.027141
106.1 -0.032167
106.2 -0.037911
106.3 -0.028218
106.4 -0.025704
106.5 -0.032526
106.6 -0.031449
106.7 -0.029295
106.8 -0.040066
106.9 -0.034321
107 -0.040066
107.1 -0.042579
107.2 -0.048323
107.3 -0.049759
107.4 -0.059094
107.5 -0.058376
107.6 -0.051196
107.7 -0.048323
107.8 -0.052991
107.9 -0.060171
108 -0.050478
108.1 -0.044374
108.2 -0.036116
108.3 -0.042579
108.4 -0.048682
108.5 -0.051555
108.6 -0.0494
108.7 -0.056581
108.8 -0.051914
108.9 -0.047964
109 -0.052273
109.1 -0.058735
109.2 -0.052991
109.3 -0.062685
109.4 -0.064121
109.5 -0.061248
109.6 -0.052632
109.7 -0.06448
109.8 -0.066634
109.9 -0.061967
110 -0.057299
110.1 -0.065198
110.2 -0.06053
110.3 -0.052632
110.4 -0.052273
110.5 -0.051555
110.6 -0.062326
110.7 -0.071301
110.8 -0.069147
110.9 -0.063762
111 -0.06053
111.1 -0.072378
111.2 -0.062685
111.3 -0.058735
111.4 -0.056581
111.5 -0.063762
111.6 -0.063403
111.7 -0.067352
111.8 -0.063762
111.9 -0.072378
112 -0.080277
112.1 -0.075969
112.2 -0.067352
112.3 -0.07166
112.4 -0.073096
112.5 -0.067711
112.6 -0.081354
112.7 -0.083508
112.8 -0.077046
112.9 -0.067711
113 -0.068788
113.1 -0.062685
113.2 -0.080277
113.3 -0.079559
113.4 -0.080636
113.5 -0.082431
113.6 -0.08279
113.7 -0.08279
113.8 -0.081354
113.9 -0.090689
114 -0.10182
114.1 -0.09392
114.2 -0.10074
114.3 -0.092843
114.4 -0.091766
114.5 -0.098947
114.6 -0.098588
114.7 -0.10541
114.8 -0.10613
114.9 -0.11044
115 -0.10756
115.1 -0.09392
115.2 -0.09392
115.3 -0.098229
115.4 -0.088894
115.5 -0.098588
115.6 -0.10433
115.7 -0.097151
115.8 -0.10002
115.9 -0.09787
116 -0.091407
116.1 -0.095356
116.2 -0.10505
116.3 -0.10649
116.4 -0.10433
116.5 -0.099306
116.6 -0.091407
116.7 -0.096433
116.8 -0.10792
116.9 -0.095715
117 -0.10002
117.1 -0.098947
117.2 -0.10146
117.3 -0.11295
117.4 -0.10397
117.5 -0.095356
117.6 -0.098588
117.7 -0.10541
117.8 -0.11223
117.9 -0.11367
118 -0.10649
118.1 -0.10792
118.2 -0.10685
118.3 -0.1029
118.4 -0.10864
118.5 -0.097151
118.6 -0.10433
118.7 -0.10361
118.8 -0.098947
118.9 -0.099306
119 -0.1029
119.1 -0.10433
119.2 -0.10182
119.3 -0.10397
119.4 -0.09787
119.5 -0.09787
119.6 -0.10074
119.7 -0.10361
119.8 -0.10002
119.9 -0.10218
120 -0.094638
120.1 -0.095715
120.2 -0.10218
120.3 -0.10146
120.4 -0.10361
120.5 -0.099665
120.6 -0.099306
120.7 -0.098947
120.8 -0.099306
120.9 -0.10685
121 -0.10325
121.1 -0.11726
121.2 -0.11008
121.3 -0.10505
121.4 -0.10074
121.5 -0.10756
121.6 -0.10361
121.7 -0.10649
121.8 -0.099665
121.9 -0.10074
122 -0.10541
122.1 -0.10685
122.2 -0.1029
122.3 -0.10577
122.4 -0.092484
122.5 -0.094997
122.6 -0.10325
122.7 -0.1072
122.8 -0.10254
122.9 -0.1072
123 -0.10613
123.1 -0.10433
123.2 -0.10469
123.3 -0.10433
123.4 -0.10074
123.5 -0.09392
123.6 -0.097511
123.7 -0.10146
123.8 -0.10397
123.9 -0.11223
124 -0.11403
124.1 -0.11115
124.2 -0.10828
124.3 -0.10325
124.4 -0.1029
124.5 -0.11474
124.6 -0.11582
124.7 -0.11941
124.8 -0.11403
124.9 -0.11115
125 -0.11977
125.1 -0.12516
125.2 -0.11726
125.3 -0.12372
125.4 -0.11977
125.5 -0.12121
125.6 -0.13018
125.7 -0.11546
125.8 -0.11726
125.9 -0.12013
126 -0.12228
126.1 -0.12121
126.2 -0.123
126.3 -0.12516
126.4 -0.12408
126.5 -0.11546
126.6 -0.12982
126.7 -0.12372
126.8 -0.11331
126.9 -0.10469
127 -0.10756
127.1 -0.11044
127.2 -0.11905
127.3 -0.12085
127.4 -0.11582
127.5 -0.11331
127.6 -0.10972
127.7 -0.10649
127.8 -0.11403
127.9 -0.11654
128 -0.11331
128.1 -0.11941
128.2 -0.11869
128.3 -0.12228
128.4 -0.12121
128.5 -0.11618
128.6 -0.1151
128.7 -0.11726
128.8 -0.11977
128.9 -0.12444
129 -0.12157
129.1 -0.12013
129.2 -0.11726
129.3 -0.12372
129.4 -0.11798
129.5 -0.11474
129.6 -0.11618
129.7 -0.11079
129.8 -0.12695
129.9 -0.12336
130 -0.12875
130.1 -0.11941
130.2 -0.11869
130.3 -0.10756
130.4 -0.11079
130.5 -0.10792
130.6 -0.11079
130.7 -0.11151
130.8 -0.11295
130.9 -0.1029
131 -0.10469
131.1 -0.1011
131.2 -0.11008
131.3 -0.096074
131.4 -0.091048
131.5 -0.093561
131.6 -0.09033
131.7 -0.098947
131.8 -0.097151
131.9 -0.10002
132 -0.1072
132.1 -0.11582
132.2 -0.1029
132.3 -0.10325
132.4 -0.098229
132.5 -0.098588
132.6 -0.10577
132.7 -0.10325
132.8 -0.097511
132.9 -0.11044
133 -0.10649
133.1 -0.1011
133.2 -0.099665
133.3 -0.093202
133.4 -0.099665
133.5 -0.097151
133.6 -0.092843
133.7 -0.079918
133.8 -0.072378
133.9 -0.085303
134 -0.089612
134.1 -0.083149
134.2 -0.083867
134.3 -0.079559
134.4 -0.082431
134.5 -0.083867
134.6 -0.085303
134.7 -0.077405
134.8 -0.075251
134.9 -0.083149
135 -0.077046
135.1 -0.078123
135.2 -0.069506
135.3 -0.074533
135.4 -0.073096
135.5 -0.076328
135.6 -0.086022
135.7 -0.08674
135.8 -0.082431
135.9 -0.081354
136 -0.087817
136.1 -0.084585
136.2 -0.091048
136.3 -0.083508
136.4 -0.083149
136.5 -0.088176
136.6 -0.083867
136.7 -0.074533
136.8 -0.072737
136.9 -0.080277
137 -0.077405
137.1 -0.083508
137.2 -0.09033
137.3 -0.079559
137.4 -0.080995
137.5 -0.092125
137.6 -0.089971
137.7 -0.087817
137.8 -0.091048
137.9 -0.085663
138 -0.082072
138.1 -0.084585
138.2 -0.089253
138.3 -0.088176
138.4 -0.086381
138.5 -0.083867
138.6 -0.087458
138.7 -0.092484
138.8 -0.085303
138.9 -0.07166
139 -0.081354
139.1 -0.077764
139.2 -0.09033
139.3 -0.08674
139.4 -0.087099
139.5 -0.098947
139.6 -0.091766
139.7 -0.095715
139.8 -0.091407
139.9 -0.094279
140 -0.096074
140.1 -0.087817
140.2 -0.087817
140.3 -0.086381
140.4 -0.093561
140.5 -0.096433
140.6 -0.096792
140.7 -0.089253
140.8 -0.096433
140.9 -0.091766
141 -0.091766
141.1 -0.091766
141.2 -0.099665
141.3 -0.090689
141.4 -0.096792
141.5 -0.1029
141.6 -0.097511
141.7 -0.09787
141.8 -0.10218
141.9 -0.093202
142 -0.098947
142.1 -0.10397
142.2 -0.089971
142.3 -0.092484
142.4 -0.098947
142.5 -0.096792
142.6 -0.097151
142.7 -0.09787
142.8 -0.091766
142.9 -0.096792
143 -0.089612
143.1 -0.098947
143.2 -0.094997
143.3 -0.093561
143.4 -0.1029
143.5 -0.095715
143.6 -0.10254
143.7 -0.10038
143.8 -0.091766
143.9 -0.10254
144 -0.10002
144.1 -0.10864
144.2 -0.098947
144.3 -0.10469
144.4 -0.098588
144.5 -0.094279
144.6 -0.098588
144.7 -0.1011
144.8 -0.097511
144.9 -0.1029
145 -0.10002
145.1 -0.094638
145.2 -0.10505
145.3 -0.10074
145.4 -0.099306
145.5 -0.088894
145.6 -0.098588
145.7 -0.10864
145.8 -0.10325
145.9 -0.099306
146 -0.10146
146.1 -0.10254
146.2 -0.1029
146.3 -0.096792
146.4 -0.087817
146.5 -0.094279
146.6 -0.10972
146.7 -0.10505
146.8 -0.096433
146.9 -0.09392
147 -0.094279
147.1 -0.10038
147.2 -0.10038
147.3 -0.097151
147.4 -0.09392
147.5 -0.086022
147.6 -0.091766
147.7 -0.092843
147.8 -0.091407
147.9 -0.097151
148 -0.095356
148.1 -0.094997
148.2 -0.10613
148.3 -0.10361
148.4 -0.099665
148.5 -0.089971
148.6 -0.094638
148.7 -0.096433
148.8 -0.09392
148.9 -0.089971
149 -0.1011
149.1 -0.088176
149.2 -0.091407
149.3 -0.08674
149.4 -0.088535
149.5 -0.091766
149.6 -0.092125
149.7 -0.081713
149.8 -0.094279
149.9 -0.087458
150 -0.09033
150.1 -0.091048
150.2 -0.091407
150.3 -0.091407
150.4 -0.09033
150.5 -0.084944
150.6 -0.087099
150.7 -0.085663
150.8 -0.085663
150.9 -0.085303
151 -0.089253
151.1 -0.090689
151.2 -0.091048
151.3 -0.088176
151.4 -0.084944
151.5 -0.09033
151.6 -0.09392
151.7 -0.087099
151.8 -0.091407
151.9 -0.096433
152 -0.092484
152.1 -0.087458
152.2 -0.094997
152.3 -0.097511
152.4 -0.095356
152.5 -0.084585
152.6 -0.088176
152.7 -0.090689
152.8 -0.085303
152.9 -0.07561
153 -0.071301
153.1 -0.07561
153.2 -0.080277
153.3 -0.073455
153.4 -0.078123
153.5 -0.084585
153.6 -0.073455
153.7 -0.069865
153.8 -0.0792
153.9 -0.069865
154 -0.073096
154.1 -0.060889
154.2 -0.063044
154.3 -0.060171
154.4 -0.070942
154.5 -0.07561
154.6 -0.063403
154.7 -0.056581
154.8 -0.058735
154.9 -0.059453
155 -0.064121
155.1 -0.0494
155.2 -0.051196
155.3 -0.062326
155.4 -0.061607
155.5 -0.065916
155.6 -0.056222
155.7 -0.060171
155.8 -0.065557
155.9 -0.060889
156 -0.069506
156.1 -0.065916
156.2 -0.07166
156.3 -0.074892
156.4 -0.077764
156.5 -0.07561
156.6 -0.078841
156.7 -0.07561
156.8 -0.078123
156.9 -0.076687
157 -0.068429
157.1 -0.07166
157.2 -0.069147
157.3 -0.07166
157.4 -0.063403
157.5 -0.074533
157.6 -0.073455
157.7 -0.063403
157.8 -0.066275
157.9 -0.074174
158 -0.081354
158.1 -0.071301
158.2 -0.064121
158.3 -0.062326
158.4 -0.066275
158.5 -0.073815
158.6 -0.06807
158.7 -0.073455
158.8 -0.067711
158.9 -0.061967
159 -0.06053
159.1 -0.068429
159.2 -0.067711
159.3 -0.071301
159.4 -0.066275
159.5 -0.070224
159.6 -0.068429
159.7 -0.070583
159.8 -0.070224
159.9 -0.061607
160 -0.055145
160.1 -0.05694
160.2 -0.051555
160.3 -0.064839
160.4 -0.060171
160.5 -0.065557
160.6 -0.059094
160.7 -0.063403
160.8 -0.061248
160.9 -0.06448
161 -0.059094
161.1 -0.063403
161.2 -0.058017
161.3 -0.054427
161.4 -0.054068
161.5 -0.060171
161.6 -0.057299
161.7 -0.065557
161.8 -0.058376
161.9 -0.054786
162 -0.061607
162.1 -0.06807
162.2 -0.07166
162.3 -0.065557
162.4 -0.07166
162.5 -0.056222
162.6 -0.06053
162.7 -0.058376
162.8 -0.063403
162.9 -0.06448
163 -0.058376
163.1 -0.061248
163.2 -0.063044
163.3 -0.060889
163.4 -0.055863
163.5 -0.055145
163.6 -0.058376
163.7 -0.055145
163.8 -0.053709
163.9 -0.058376
164 -0.050837
164.1 -0.051914
164.2 -0.058017
164.3 -0.055504
164.4 -0.052991
164.5 -0.047964
164.6 -0.043656
164.7 -0.046528
164.8 -0.051914
164.9 -0.046887
165 -0.046887
165.1 -0.04222
165.2 -0.035398
165.3 -0.043656
165.4 -0.039348
165.5 -0.024268
165.6 -0.036116
165.7 -0.025704
165.8 -0.035398
165.9 -0.030372
166 -0.022832
166.1 -0.020319
166.2 -0.020319
166.3 -0.025345
166.4 -0.032526
166.5 -0.022832
166.6 -0.021037
166.7 -0.020678
166.8 -0.022473
166.9 -0.018524
167 -0.022473
167.1 -0.026423
167.2 -0.020319
167.3 -0.017088
167.4 -0.0034446
167.5 -0.0099071
167.6 -0.01242
167.7 -0.0073939
167.8 -0.010266
167.9 -0.0048807
168 -0.0055987
168.1 -0.0052397
168.2 -0.0063168
168.3 -0.008471
168.4 -0.015652
168.5 -0.014574
168.6 -0.019242
168.7 -0.017088
168.8 -0.018165
168.9 -0.010266
169 -0.022832
169.1 -0.021037
169.2 -0.018883
169.3 -0.021755
169.4 -0.019242
169.5 -0.014934
169.6 -0.0099071
169.7 -0.00883
169.8 -0.013138
169.9 -0.008471
170 -0.013138
170.1 -0.016729
170.2 -0.018165
170.3 -0.031808
170.4 -0.022832
170.5 -0.021396
170.6 -0.022832
170.7 -0.018524
170.8 -0.018524
170.9 -0.014215
171 -0.021037
171.1 -0.022114
171.2 -0.022832
171.3 -0.020319
171.4 -0.018165
171.5 -0.028577
171.6 -0.030731
171.7 -0.018883
171.8 -0.02355
171.9 -0.025345
172 -0.029295
172.1 -0.033962
172.2 -0.031808
172.3 -0.027141
172.4 -0.030013
172.5 -0.027141
172.6 -0.01996
172.7 -0.024627
172.8 -0.027141
172.9 -0.023191
173 -0.030013
173.1 -0.027859
173.2 -0.026782
173.3 -0.022473
173.4 -0.025345
173.5 -0.025704
173.6 -0.021396
173.7 -0.027141
173.8 -0.03863
173.9 -0.03468
174 -0.032526
174.1 -0.033962
174.2 -0.032167
174.3 -0.029654
174.4 -0.029295
174.5 -0.030731
174.6 -0.030731
174.7 -0.032526
174.8 -0.03109
174.9 -0.030013
175 -0.03863
175.1 -0.03109
175.2 -0.033962
175.3 -0.035757
175.4 -0.040425
175.5 -0.03863
175.6 -0.033603
175.7 -0.031449
175.8 -0.026423
175.9 -0.033962
176 -0.035757
176.1 -0.037193
176.2 -0.0275
176.3 -0.030372
176.4 -0.0275
176.5 -0.028218
176.6 -0.033603
176.7 -0.036834
176.8 -0.020678
176.9 -0.018883
177 -0.0275
177.1 -0.022473
177.2 -0.026782
177.3 -0.017447
177.4 -0.020678
177.5 -0.027141
177.6 -0.025345
177.7 -0.027859
177.8 -0.023909
177.9 -0.030013
178 -0.021755
178.1 -0.018524
178.2 -0.01996
178.3 -0.033244
178.4 -0.027859
178.5 -0.038989
178.6 -0.042938
178.7 -0.044374
178.8 -0.033244
178.9 -0.036116
179 -0.039348
179.1 -0.025345
179.2 -0.024986
179.3 -0.022832
179.4 -0.024268
179.5 -0.030013
179.6 -0.029654
179.7 -0.026782
179.8 -0.032885
179.9 -0.023909
180 -0.017088
180.1 -0.024268
180.2 -0.030731
180.3 -0.029654
180.4 -0.020319
180.5 -0.023191
180.6 -0.018524
180.7 -0.0099071
180.8 -0.01637
180.9 -0.018165
181 -0.010984
181.1 -0.014215
181.2 -0.021755
181.3 -0.0066758
181.4 -0.022832
181.5 -0.027859
181.6 -0.026063
181.7 -0.024268
181.8 -0.017447
181.9 -0.028577
182 -0.019601
182.1 -0.018165
182.2 -0.017088
182.3 -0.017088
182.4 -0.022832
182.5 -0.026423
182.6 -0.025704
182.7 -0.030372
182.8 -0.033962
182.9 -0.023909
183 -0.026423
183.1 -0.031808
183.2 -0.022832
183.3 -0.0275
183.4 -0.030013
183.5 -0.024986
183.6 -0.030372
183.7 -0.026782
183.8 -0.023191
183.9 -0.027859
184 -0.027141
184.1 -0.022473
184.2 -0.01996
184.3 -0.023191
184.4 -0.01242
184.5 -0.015293
184.6 -0.017088
184.7 -0.028936
184.8 -0.018165
184.9 -0.017088
185 -0.017447
185.1 -0.014574
185.2 -0.016011
185.3 -0.012061
185.4 -0.017088
185.5 -0.019601
185.6 -0.023191
185.7 -0.012779
185.8 -0.017806
185.9 -0.014934
186 -0.010266
186.1 -0.008112
186.2 -0.0052397
186.3 -0.010984
186.4 -0.0070349
186.5 -0.0020084
186.6 -0.008471
186.7 -0.012779
186.8 -0.010266
186.9 -0.0016494
187 -0.0099071
187.1 0.003736
187.2 -0.00057232
187.3 0.0051722
187.4 0.003377
187.5 0.003377
187.6 0.0069673
187.7 0.010558
187.8 0.014866
187.9 0.0084034
188 -0.00021329
188.1 0.0069673
188.2 0.011635
188.3 0.0084034
188.4 0.0022999
188.5 0.002659
188.6 0.0044541
188.7 0.012712
188.8 0.014866
188.9 0.0098396
189 0.019174
189.1 0.014507
189.2 0.0058902
189.3 0.013789
189.4 0.018097
189.5 0.023124
189.6 0.017379
189.7 0.018815
189.8 0.014866
189.9 0.010199
190 0.01702
190.1 0.010558
190.2 0.019892
190.3 0.0094805
190.4 0.0073264
190.5 0.0087625
190.6 0.02097
190.7 0.0094805
190.8 0.011635
190.9 0.014148
191 0.013789
191.1 0.020251
191.2 0.018097
191.3 0.0048131
191.4 0.00014574
191.5 0.013789
191.6 0.012353
191.7 0.0055312
191.8 0.0094805
191.9 0.010917
192 0.01343
192.1 0.012712
192.2 0.02097
192.3 0.0094805
192.4 0.014866
192.5 0.010917
192.6 0.018097
192.7 0.014507
192.8 0.0080444
192.9 0.012712
193 0.015584
193.1 0.017379
193.2 0.0076854
193.3 0.015584
193.4 0.0087625
193.5 0.01343
193.6 0.011276
193.7 0.014507
193.8 0.0087625
193.9 0.0048131
194 -0.0023675
194.1 0.0044541
194.2 0.0091215
194.3 0.0094805
194.4 0.0044541
194.5 0.0073264
194.6 -0.00093135
194.7 -0.010625
194.8 -0.0059578
194.9 -0.00093135
195 0.00086381
195.1 -0.008471
195.2 -0.010266
195.3 -0.0095481
195.4 -0.0095481
195.5 -0.008471
195.6 -0.0016494
195.7 -0.0070349
195.8 -0.0020084
195.9 -0.013856
196 -0.0095481
196.1 -0.018524
196.2 -0.013856
196.3 -0.016729
196.4 -0.019242
196.5 -0.011702
196.6 -0.0066758
196.7 -0.011343
196.8 -0.0073939
196.9 -0.0045216
197 -0.013856
197.1 -0.0073939
197.2 -0.00057232
197.3 -0.00093135
197.4 -0.0052397
197.5 -0.01242
197.6 -0.011343
197.7 0.0058902
197.8 -0.0016494
197.9 -0.012779
198 -0.0099071
198.1 -0.008112
198.2 -0.013138
198.3 -0.013138
198.4 -0.016011
198.5 -0.010266
198.6 -0.022832
198.7 -0.018883
198.8 -0.014215
198.9 -0.016011
199 -0.01242
199.1 -0.014934
199.2 -0.010266
199.3 -0.011343
199.4 -0.00883
199.5 -0.01242
199.6 -0.0077529
199.7 -0.0038036
199.8 -0.0073939
199.9 0.00014574
200 -0.0041626
200.1 -0.0034446
