2001 2
0.1 0.11943
0.2 4.4037
0.3 0.72367
0.4 0.43035
0.5 0.25083
0.6 0.15282
0.7 0.093575
0.8 0.06234
0.9 0.044388
1 0.034335
1.1 0.041875
1.2 0.053005
1.3 0.061981
1.4 0.092139
1.5 0.11907
1.6 0.18226
1.7 0.26914
1.8 0.38188
1.9 0.5
2 0.64002
2.1 0.79907
2.2 0.9671
2.3 1.1545
2.4 1.3297
2.5 1.5293
2.6 1.7153
2.7 1.8981
2.8 2.0783
2.9 2.2743
3 2.4729
3.1 2.6258
3.2 2.7763
3.3 2.9392
3.4 3.0753
3.5 3.2082
3.6 3.3467
3.7 3.4782
3.8 3.6045
3.9 3.7392
4 3.8304
4.1 3.9485
4.2 4.0436
4.3 4.1406
4.4 4.2332
4.5 4.3011
4.6 4.3969
4.7 4.4594
4.8 4.5269
4.9 4.5843
5 4.6217
5.1 4.6468
5.2 4.6999
5.3 4.7358
5.4 4.7628
5.5 4.7886
5.6 4.8234
5.7 4.8202
5.8 4.8723
5.9 4.8859
6 4.8866
6.1 4.9243
6.2 4.9308
6.3 4.9355
6.4 4.9401
6.5 4.9394
6.6 4.9383
6.7 4.9304
6.8 4.9383
6.9 4.948
7 4.915
7.1 4.9218
7.2 4.9143
7.3 4.8942
7.4 4.8773
7.5 4.8751
7.6 4.8658
7.7 4.845
7.8 4.8277
7.9 4.8055
8 4.7811
8.1 4.775
8.2 4.7588
8.3 4.7269
8.4 4.715
8.5 4.6999
8.6 4.6852
8.7 4.6644
8.8 4.6576
8.9 4.6249
9 4.6271
9.1 4.6066
9.2 4.5768
9.3 4.5649
9.4 4.5423
9.5 4.5337
9.6 4.5337
9.7 4.5086
9.8 4.4906
9.9 4.4791
10 4.4644
10.1 4.4307
10.2 4.4224
10.3 4.4159
10.4 4.3944
10.5 4.3696
10.6 4.361
10.7 4.3337
10.8 4.3298
10.9 4.3222
11 4.3115
11.1 4.2953
11.2 4.2849
11.3 4.2504
11.4 4.2511
11.5 4.2185
11.6 4.2066
11.7 4.1998
11.8 4.1869
11.9 4.161
12 4.1244
12.1 4.1237
12.2 4.1065
12.3 4.0946
12.4 4.0727
12.5 4.0519
12.6 4.0275
12.7 4.0084
12.8 3.9973
12.9 3.9826
13 3.9593
13.1 3.9345
13.2 3.9122
13.3 3.8874
13.4 3.8803
13.5 3.8573
13.6 3.8569
13.7 3.8336
13.8 3.8013
13.9 3.7805
14 3.7672
14.1 3.7485
14.2 3.7492
14.3 3.7061
14.4 3.6993
14.5 3.7008
14.6 3.6638
14.7 3.6473
14.8 3.6243
14.9 3.6103
15 3.588
15.1 3.5715
15.2 3.5521
15.3 3.555
15.4 3.5349
15.5 3.5309
15.6 3.4922
15.7 3.4735
15.8 3.462
15.9 3.4444
16 3.4426
16.1 3.4071
16.2 3.4128
16.3 3.3895
16.4 3.3615
16.5 3.3572
16.6 3.345
16.7 3.3245
16.8 3.3058
16.9 3.2832
17 3.2642
17.1 3.2574
17.2 3.2441
17.3 3.2383
17.4 3.2261
17.5 3.2211
17.6 3.1988
17.7 3.1651
17.8 3.1618
17.9 3.1453
18 3.1403
18.1 3.1281
18.2 3.1022
18.3 3.0796
18.4 3.0602
18.5 3.0602
18.6 3.052
18.7 3.0301
18.8 3.0344
18.9 3.0132
19 2.9787
19.1 2.9734
19.2 2.9676
19.3 2.9597
19.4 2.9296
19.5 2.9159
19.6 2.8922
19.7 2.912
19.8 2.8807
19.9 2.8718
20 2.8613
20.1 2.8481
20.2 2.8369
20.3 2.824
20.4 2.8093
20.5 2.7971
20.6 2.796
20.7 2.7773
20.8 2.7561
20.9 2.7443
21 2.7375
21.1 2.7199
21.2 2.7274
21.3 2.7023
21.4 2.6998
21.5 2.6807
21.6 2.6545
21.7 2.6675
21.8 2.6409
21.9 2.6463
22 2.6445
22.1 2.6154
22.2 2.5989
22.3 2.6025
22.4 2.5899
22.5 2.5899
22.6 2.5795
22.7 2.5745
22.8 2.5641
22.9 2.5454
23 2.545
23.1 2.5454
23.2 2.5239
23.3 2.5052
23.4 2.4894
23.5 2.4854
23.6 2.4689
23.7 2.4801
23.8 2.438
23.9 2.4258
24 2.4226
24.1 2.4226
24.2 2.4298
24.3 2.4108
24.4 2.3971
24.5 2.381
24.6 2.3648
24.7 2.3688
24.8 2.3393
24.9 2.3486
25 2.3436
25.1 2.316
25.2 2.3145
25.3 2.2747
25.4 2.2858
25.5 2.2636
25.6 2.2417
25.7 2.2305
25.8 2.2521
25.9 2.237
26 2.2312
26.1 2.214
26.2 2.1882
26.3 2.1788
26.4 2.1738
26.5 2.1673
26.6 2.1731
26.7 2.1393
26.8 2.1386
26.9 2.1282
27 2.1067
27.1 2.1164
27.2 2.0833
27.3 2.0618
27.4 2.0575
27.5 2.0517
27.6 2.051
27.7 2.0428
27.8 2.027
27.9 2.0173
28 2.0072
28.1 2.0054
28.2 1.9853
28.3 1.9893
28.4 1.9674
28.5 1.9893
28.6 1.9674
28.7 1.9605
28.8 1.93
28.9 1.9325
29 1.9214
29.1 1.9002
29.2 1.8955
29.3 1.8945
29.4 1.8855
29.5 1.8862
29.6 1.8665
29.7 1.8456
29.8 1.865
29.9 1.851
30 1.8284
30.1 1.827
30.2 1.8349
30.3 1.8051
30.4 1.8112
30.5 1.7947
30.6 1.7864
30.7 1.7764
30.8 1.7584
30.9 1.7613
31 1.7613
31.1 1.7584
31.2 1.7361
31.3 1.725
31.4 1.7128
31.5 1.6995
31.6 1.6959
31.7 1.6898
31.8 1.6905
31.9 1.6697
32 1.6597
32.1 1.6546
32.2 1.6561
32.3 1.6579
32.4 1.6399
32.5 1.6248
32.6 1.6155
32.7 1.6083
32.8 1.6062
32.9 1.5818
33 1.566
33.1 1.5871
33.2 1.5552
33.3 1.5502
33.4 1.5448
33.5 1.552
33.6 1.5376
33.7 1.5161
33.8 1.5153
33.9 1.5254
34 1.5204
34.1 1.5164
34.2 1.4644
34.3 1.4726
34.4 1.4784
34.5 1.4572
34.6 1.4547
34.7 1.4446
34.8 1.4363
34.9 1.4191
35 1.4557
35.1 1.4407
35.2 1.4356
35.3 1.417
35.4 1.4033
35.5 1.4065
35.6 1.4073
35.7 1.3717
35.8 1.3882
35.9 1.3915
36 1.3789
36.1 1.3785
36.2 1.376
36.3 1.3635
36.4 1.3477
36.5 1.3308
36.6 1.3412
36.7 1.3225
36.8 1.3172
36.9 1.334
37 1.32
37.1 1.3265
37.2 1.3193
37.3 1.2952
37.4 1.2938
37.5 1.3064
37.6 1.283
37.7 1.2888
37.8 1.2669
37.9 1.2866
38 1.2687
38.1 1.2651
38.2 1.2504
38.3 1.2633
38.4 1.2504
38.5 1.2701
38.6 1.2543
38.7 1.2518
38.8 1.226
38.9 1.2163
39 1.2199
39.1 1.2177
39.2 1.2166
39.3 1.1997
39.4 1.2015
39.5 1.1818
39.6 1.1861
39.7 1.1857
39.8 1.1685
39.9 1.1653
40 1.18
40.1 1.1732
40.2 1.1563
40.3 1.1466
40.4 1.147
40.5 1.1534
40.6 1.1369
40.7 1.1147
40.8 1.1147
40.9 1.1272
41 1.1129
41.1 1.1071
41.2 1.1003
41.3 1.0978
41.4 1.0942
41.5 1.0877
41.6 1.0737
41.7 1.0809
41.8 1.0683
41.9 1.0809
42 1.0464
42.1 1.0622
42.2 1.0511
42.3 1.0425
42.4 1.0213
42.5 1.0511
42.6 1.0335
42.7 1.0256
42.8 1.0192
42.9 1.0048
43 0.99295
43.1 1.0052
43.2 0.98864
43.3 0.99761
43.4 0.98038
43.5 0.98648
43.6 0.95525
43.7 0.96243
43.8 0.97535
43.9 0.95489
44 0.94484
44.1 0.93658
44.2 0.94161
44.3 0.93263
44.4 0.95022
44.5 0.9276
44.6 0.90678
44.7 0.91432
44.8 0.90032
44.9 0.89098
45 0.88308
45.1 0.90391
45.2 0.89421
45.3 0.89278
45.4 0.88703
45.5 0.87949
45.6 0.86226
45.7 0.87052
45.8 0.86226
45.9 0.85759
46 0.85364
46.1 0.86226
46.2 0.85759
46.3 0.85292
46.4 0.85544
46.5 0.84072
46.6 0.83318
46.7 0.83892
46.8 0.83031
46.9 0.82241
47 0.8242
47.1 0.8102
47.2 0.81738
47.3 0.80194
47.4 0.79656
47.5 0.79871
47.6 0.79727
47.7 0.78614
47.8 0.77537
47.9 0.79333
48 0.76927
48.1 0.77035
48.2 0.77609
48.3 0.77609
48.4 0.76245
48.5 0.76137
48.6 0.74127
48.7 0.74306
48.8 0.74665
48.9 0.74055
49 0.74486
49.1 0.74019
49.2 0.73157
49.3 0.72331
49.4 0.7305
49.5 0.72726
49.6 0.70895
49.7 0.71183
49.8 0.71398
49.9 0.69423
50 0.69854
50.1 0.70321
50.2 0.69495
50.3 0.67987
50.4 0.70393
50.5 0.69244
50.6 0.67269
50.7 0.66551
50.8 0.65797
50.9 0.65366
51 0.6533
51.1 0.65546
51.2 0.65546
51.3 0.66407
51.4 0.64792
51.5 0.65474
51.6 0.64864
51.7 0.62961
51.8 0.62279
51.9 0.63284
52 0.62674
52.1 0.63499
52.2 0.6332
52.3 0.64361
52.4 0.62674
52.5 0.62207
52.6 0.61417
52.7 0.60807
52.8 0.60304
52.9 0.60771
53 0.60196
53.1 0.59406
53.2 0.59083
53.3 0.60914
53.4 0.58652
53.5 0.59478
53.6 0.58186
53.7 0.59299
53.8 0.59191
53.9 0.57288
54 0.57432
54.1 0.57109
54.2 0.5718
54.3 0.58078
54.4 0.57144
54.5 0.58365
54.6 0.54631
54.7 0.55996
54.8 0.55134
54.9 0.55278
55 0.53841
55.1 0.54308
55.2 0.56247
55.3 0.54811
55.4 0.54129
55.5 0.54847
55.6 0.53339
55.7 0.53482
55.8 0.52657
55.9 0.5359
56 0.51544
56.1 0.52585
56.2 0.52369
56.3 0.50933
56.4 0.53123
56.5 0.5122
56.6 0.51939
56.7 0.51185
56.8 0.51328
56.9 0.49641
57 0.49569
57.1 0.49641
57.2 0.48959
57.3 0.47379
57.4 0.4903
57.5 0.47738
57.6 0.48169
57.7 0.48205
57.8 0.47558
57.9 0.47415
58 0.46015
58.1 0.46589
58.2 0.46445
58.3 0.4605
58.4 0.4544
58.5 0.45189
58.6 0.4386
58.7 0.46338
58.8 0.45081
58.9 0.44937
59 0.44291
59.1 0.4544
59.2 0.44112
59.3 0.44399
59.4 0.42029
59.5 0.4246
59.6 0.42101
59.7 0.41527
59.8 0.41814
59.9 0.41598
60 0.4106
60.1 0.4264
60.2 0.40126
60.3 0.42209
60.4 0.40952
60.5 0.4106
60.6 0.39444
60.7 0.40557
60.8 0.38942
60.9 0.40737
61 0.40019
61.1 0.3869
61.2 0.38295
61.3 0.38295
61.4 0.37075
61.5 0.37936
61.6 0.38475
61.7 0.37506
61.8 0.38547
61.9 0.38367
62 0.37541
62.1 0.36357
62.2 0.37146
62.3 0.3729
62.4 0.36177
62.5 0.35674
62.6 0.37613
62.7 0.36608
62.8 0.36859
62.9 0.34059
63 0.35854
63.1 0.365
63.2 0.35244
63.3 0.34382
63.4 0.33413
63.5 0.33448
63.6 0.3492
63.7 0.34741
63.8 0.351
63.9 0.35459
64 0.33808
64.1 0.33413
64.2 0.34418
64.3 0.3449
64.4 0.32874
64.5 0.33736
64.6 0.3291
64.7 0.32587
64.8 0.33269
64.9 0.31402
65 0.30899
65.1 0.33161
65.2 0.31617
65.3 0.30145
65.4 0.33197
65.5 0.33269
65.6 0.31294
65.7 0.32048
65.8 0.31976
65.9 0.30684
66 0.31079
66.1 0.32335
66.2 0.32371
66.3 0.32228
66.4 0.31941
66.5 0.30325
66.6 0.2993
66.7 0.30971
66.8 0.30181
66.9 0.30325
67 0.3054
67.1 0.28063
67.2 0.31151
67.3 0.30253
67.4 0.2993
67.5 0.29391
67.6 0.29356
67.7 0.28278
67.8 0.31222
67.9 0.28063
68 0.29643
68.1 0.2975
68.2 0.28709
68.3 0.27848
68.4 0.28996
68.5 0.27022
68.6 0.27884
68.7 0.28817
68.8 0.27524
68.9 0.27022
69 0.28171
69.1 0.26411
69.2 0.28063
69.3 0.28422
69.4 0.28171
69.5 0.26986
69.6 0.28278
69.7 0.2774
69.8 0.27704
69.9 0.27309
70 0.27884
70.1 0.27201
70.2 0.27524
70.3 0.26017
70.4 0.27417
70.5 0.26771
70.6 0.26124
70.7 0.25837
70.8 0.25873
70.9 0.24868
71 0.26555
71.1 0.25191
71.2 0.27524
71.3 0.25909
71.4 0.27381
71.5 0.25442
71.6 0.27848
71.7 0.26771
71.8 0.25298
71.9 0.25801
72 0.25622
72.1 0.23683
72.2 0.23934
72.3 0.2415
72.4 0.25478
72.5 0.2397
72.6 0.24939
72.7 0.25227
72.8 0.23791
72.9 0.25227
73 0.2476
73.1 0.23683
73.2 0.24257
73.3 0.24724
73.4 0.24975
73.5 0.24904
73.6 0.24832
73.7 0.23503
73.8 0.22498
73.9 0.25873
74 0.2397
74.1 0.22857
74.2 0.24185
74.3 0.23539
74.4 0.23611
74.5 0.22749
74.6 0.23216
74.7 0.22498
74.8 0.22857
74.9 0.22103
75 0.23216
75.1 0.23791
75.2 0.21098
75.3 0.23037
75.4 0.21924
75.5 0.20272
75.6 0.21529
75.7 0.22534
75.8 0.21565
75.9 0.20452
76 0.20847
76.1 0.19123
76.2 0.20703
76.3 0.21421
76.4 0.21313
76.5 0.20344
76.6 0.19985
76.7 0.19985
76.8 0.21708
76.9 0.18513
77 0.20559
77.1 0.19195
77.2 0.19339
77.3 0.2038
77.4 0.18908
77.5 0.18908
77.6 0.19087
77.7 0.18441
77.8 0.1898
77.9 0.19195
78 0.19267
78.1 0.18513
78.2 0.19374
78.3 0.19482
78.4 0.18082
78.5 0.16861
78.6 0.18082
78.7 0.16287
78.8 0.17436
78.9 0.18656
79 0.19231
79.1 0.17256
79.2 0.16287
79.3 0.18621
79.4 0.17184
79.5 0.17436
79.6 0.17005
79.7 0.16395
79.8 0.1661
79.9 0.16646
80 0.17077
80.1 0.15066
80.2 0.15353
80.3 0.15425
80.4 0.14492
80.5 0.16538
80.6 0.17615
80.7 0.1363
80.8 0.096089
80.9 0.11296
81 0.12948
81.1 0.13271
81.2 0.14563
81.3 0.15174
81.4 0.13415
81.5 0.13774
81.6 0.14923
81.7 0.1302
81.8 0.14025
81.9 0.14169
82 0.12625
82.1 0.15748
82.2 0.13522
82.3 0.12912
82.4 0.13917
82.5 0.13881
82.6 0.13953
82.7 0.13199
82.8 0.1424
82.9 0.14133
83 0.14097
83.1 0.10973
83.2 0.14276
83.3 0.11943
83.4 0.12194
83.5 0.12517
83.6 0.15282
83.7 0.12481
83.8 0.1302
83.9 0.12625
84 0.11835
84.1 0.11512
84.2 0.12589
84.3 0.12194
84.4 0.11548
84.5 0.12122
84.6 0.12266
84.7 0.12768
84.8 0.1223
84.9 0.11619
85 0.13558
85.1 0.12086
85.2 0.11476
85.3 0.11907
85.4 0.10147
85.5 0.11799
85.6 0.11584
85.7 0.12768
85.8 0.10901
85.9 0.12014
86 0.12302
86.1 0.10686
86.2 0.098243
86.3 0.11045
86.4 0.12158
86.5 0.11368
86.6 0.12589
86.7 0.11799
86.8 0.11512
86.9 0.089985
87 0.095371
87.1 0.098243
87.2 0.098961
87.3 0.11548
87.4 0.081368
87.5 0.10614
87.6 0.096089
87.7 0.10614
87.8 0.092857
87.9 0.10937
88 0.11009
88.1 0.10901
88.2 0.10794
88.3 0.093216
88.4 0.10363
88.5 0.098243
88.6 0.091062
88.7 0.096807
88.8 0.10722
88.9 0.072752
89 0.086754
89.1 0.095012
89.2 0.089267
89.3 0.086754
89.4 0.097525
89.5 0.096089
89.6 0.094652
89.7 0.094652
89.8 0.097525
89.9 0.089626
90 0.082086
90.1 0.10506
90.2 0.10255
90.3 0.096807
90.4 0.092139
90.5 0.11584
90.6 0.10291
90.7 0.10183
90.8 0.10435
90.9 0.097166
91 0.10471
91.1 0.10542
91.2 0.10722
91.3 0.1065
91.4 0.10219
91.5 0.09178
91.6 0.10722
91.7 0.094293
91.8 0.09932
91.9 0.086754
92 0.094652
92.1 0.098243
92.2 0.11153
92.3 0.09573
92.4 0.10076
92.5 0.10471
92.6 0.089626
92.7 0.10219
92.8 0.11189
92.9 0.097884
93 0.10399
93.1 0.10255
93.2 0.093216
93.3 0.10112
93.4 0.097525
93.5 0.10614
93.6 0.087472
93.7 0.11584
93.8 0.095371
93.9 0.095012
94 0.1004
94.1 0.09573
94.2 0.086036
94.3 0.098961
94.4 0.10435
94.5 0.092857
94.6 0.081727
94.7 0.084959
94.8 0.08819
94.9 0.094293
95 0.095371
95.1 0.096807
95.2 0.11081
95.3 0.073829
95.4 0.10327
95.5 0.091062
95.6 0.10722
95.7 0.10147
95.8 0.10542
95.9 0.085677
96 0.097166
96.1 0.10327
96.2 0.10363
96.3 0.077778
96.4 0.10758
96.5 0.09178
96.6 0.11153
96.7 0.09573
96.8 0.079573
96.9 0.095012
97 0.095371
97.1 0.10112
97.2 0.079214
97.3 0.10363
97.4 0.09573
97.5 0.11799
97.6 0.092139
97.7 0.10865
97.8 0.09178
97.9 0.083523
98 0.088549
98.1 0.082445
98.2 0.0846
98.3 0.083523
98.4 0.097166
98.5 0.084959
98.6 0.078137
98.7 0.081368
98.8 0.090344
98.9 0.092857
99 0.082086
99.1 0.084241
99.2 0.088549
99.3 0.078496
99.4 0.08065
99.5 0.072752
99.6 0.079214
99.7 0.085677
99.8 0.072752
99.9 0.07347
100 0.064853
100.1 0.087113
100.2 0.075983
100.3 0.071675
100.4 0.076342
100.5 0.072752
100.6 0.059468
100.7 0.073111
100.8 0.073111
100.9 0.074188
101 0.074188
101.1 0.070956
101.2 0.06952
101.3 0.072393
101.4 0.064135
101.5 0.055159
101.6 0.068443
101.7 0.077778
101.8 0.072034
101.9 0.04762
102 0.057672
102.1 0.064135
102.2 0.067366
102.3 0.061263
102.4 0.044747
102.5 0.058749
102.6 0.059827
102.7 0.068443
102.8 0.06593
102.9 0.060904
103 0.061981
103.1 0.060904
103.2 0.052646
103.3 0.067007
103.4 0.063417
103.5 0.063776
103.6 0.049056
103.7 0.061622
103.8 0.034335
103.9 0.056236
104 0.051928
104.1 0.045465
104.2 0.070597
104.3 0.056954
104.4 0.06593
104.5 0.055518
104.6 0.054441
104.7 0.063058
104.8 0.047979
104.9 0.046183
105 0.067366
105.1 0.067725
105.2 0.050851
105.3 0.045465
105.4 0.052646
105.5 0.035053
105.6 0.050851
105.7 0.056236
105.8 0.054441
105.9 0.05121
106 0.045465
106.1 0.054441
106.2 0.063417
106.3 0.068443
106.4 0.056236
106.5 0.051569
106.6 0.060545
106.7 0.063776
106.8 0.060186
106.9 0.043311
107 0.040798
107.1 0.035053
107.2 0.063417
107.3 0.069879
107.4 0.060186
107.5 0.056954
107.6 0.057313
107.7 0.045106
107.8 0.050133
107.9 0.071316
108 0.053364
108.1 0.054082
108.2 0.04726
108.3 0.050492
108.4 0.063058
108.5 0.04726
108.6 0.044388
108.7 0.045106
108.8 0.06234
108.9 0.038644
109 0.046183
109.1 0.062699
109.2 0.058031
109.3 0.059108
109.4 0.068084
109.5 0.059468
109.6 0.054441
109.7 0.043311
109.8 0.058749
109.9 0.051569
110 0.072752
110.1 0.067007
110.2 0.0548
110.3 0.058031
110.4 0.049774
110.5 0.049056
110.6 0.059827
110.7 0.036849
110.8 0.055518
110.9 0.050492
111 0.041157
111.1 0.06952
111.2 0.056954
111.3 0.045106
111.4 0.046542
111.5 0.059468
111.6 0.04008
111.7 0.044029
111.8 0.033976
111.9 0.057313
112 0.048697
112.1 0.060545
112.2 0.059827
112.3 0.050492
112.4 0.050133
112.5 0.050133
112.6 0.04367
112.7 0.066648
112.8 0.041157
112.9 0.045465
113 0.050133
113.1 0.05839
113.2 0.057313
113.3 0.060904
113.4 0.064135
113.5 0.076701
113.6 0.056954
113.7 0.065212
113.8 0.070597
113.9 0.061263
114 0.055877
114.1 0.065571
114.2 0.053364
114.3 0.056595
114.4 0.069161
114.5 0.062699
114.6 0.069161
114.7 0.055159
114.8 0.04726
114.9 0.04726
115 0.059468
115.1 0.053723
115.2 0.063417
115.3 0.059468
115.4 0.033617
115.5 0.046542
115.6 0.060186
115.7 0.052287
115.8 0.050133
115.9 0.044029
116 0.048338
116.1 0.066648
116.2 0.045106
116.3 0.060545
116.4 0.041157
116.5 0.055877
116.6 0.051928
116.7 0.064853
116.8 0.0548
116.9 0.058749
117 0.055159
117.1 0.044388
117.2 0.069879
117.3 0.056595
117.4 0.0548
117.5 0.069879
117.6 0.050492
117.7 0.056595
117.8 0.065571
117.9 0.06593
118 0.047979
118.1 0.071675
118.2 0.064494
118.3 0.060186
118.4 0.057672
118.5 0.058749
118.6 0.052646
118.7 0.060904
118.8 0.063776
118.9 0.053723
119 0.061622
119.1 0.056236
119.2 0.056595
119.3 0.049415
119.4 0.039362
119.5 0.04008
119.6 0.042234
119.7 0.040798
119.8 0.036131
119.9 0.058749
120 0.043311
120.1 0.064135
120.2 0.053364
120.3 0.04762
120.4 0.023924
120.5 0.044388
120.6 0.034694
120.7 0.04762
120.8 0.044747
120.9 0.046542
121 0.048697
121.1 0.050492
121.2 0.065212
121.3 0.048338
121.4 0.033258
121.5 0.052646
121.6 0.039362
121.7 0.049415
121.8 0.051928
121.9 0.038644
122 0.039003
122.1 0.03649
122.2 0.027514
122.3 0.042952
122.4 0.020692
122.5 0.033976
122.6 0.039721
122.7 0.033617
122.8 0.039721
122.9 0.051569
123 0.041516
123.1 0.042952
123.2 0.049774
123.3 0.035772
123.4 0.044388
123.5 0.035772
123.6 0.03254
123.7 0.035412
123.8 0.02895
123.9 0.033976
124 0.038285
124.1 0.052646
124.2 0.035772
124.3 0.046183
124.4 0.057672
124.5 0.042952
124.6 0.029309
124.7 0.034694
124.8 0.033258
124.9 0.042234
125 0.03649
125.1 0.016384
125.2 0.023564
125.3 0.041516
125.4 0.016743
125.5 0.039362
125.6 0.042593
125.7 0.022487
125.8 0.040798
125.9 0.036131
126 0.027873
126.1 0.039721
126.2 0.026796
126.3 0.030386
126.4 0.02895
126.5 0.027155
126.6 0.02536
126.7 0.035412
126.8 0.04008
126.9 0.01782
127 0.034335
127.1 0.037926
127.2 0.019974
127.3 0.01782
127.4 0.035412
127.5 0.039721
127.6 0.016743
127.7 0.023924
127.8 0.021051
127.9 0.033617
128 0.04008
128.1 0.031463
128.2 0.032899
128.3 0.033617
128.4 0.014589
128.5 0.0099213
128.6 0.0092033
128.7 0.034335
128.8 0.019256
128.9 0.027155
129 0.025719
129.1 0.033976
129.2 0.032181
129.3 0.0074081
129.4 0.027155
129.5 0.026078
129.6 0.0099213
129.7 0.022128
129.8 0.032899
129.9 0.017461
130 0.018538
130.1 0.014948
130.2 0.012794
130.3 0.0088442
130.4 0.0052539
130.5 0.026796
130.6 0.010639
130.7 0.010639
130.8 0.0077671
130.9 0.039721
131 0.019256
131.1 -0.0012086
131.2 0.018179
131.3 0.010998
131.4 0.0052539
131.5 0.0066901
131.6 0.022846
131.7 0.0066901
131.8 0.0045359
131.9 0.011716
132 0.0099213
132.1 0.025001
132.2 0.0092033
132.3 0.0066901
132.4 0.018897
132.5 0.0074081
132.6 0.01782
132.7 0.010998
132.8 0.019256
132.9 0.018179
133 0.017461
133.1 0.011357
133.2 0.016743
133.3 0.018179
133.4 0.020333
133.5 0.022128
133.6 0.016384
133.7 0.034335
133.8 0.018538
133.9 0.013871
134 0.015307
134.1 0.025001
134.2 0.040439
134.3 0.037208
134.4 0.019974
134.5 0.015666
134.6 0.031822
134.7 0.02536
134.8 0.034335
134.9 0.023924
135 0.011716
135.1 0.032181
135.2 0.022128
135.3 0.02895
135.4 0.022128
135.5 0.035053
135.6 0.032899
135.7 0.015666
135.8 0.043311
135.9 0.01782
136 0.0041768
136.1 0.030745
136.2 0.034694
136.3 0.031822
136.4 0.023205
136.5 0.020692
136.6 0.0092033
136.7 0.026796
136.8 0.024642
136.9 0.037208
137 0.021769
137.1 0.029309
137.2 0.01782
137.3 0.012076
137.4 0.017102
137.5 0.01782
137.6 0.019615
137.7 0.020692
137.8 0.01782
137.9 0.018538
138 0.014948
138.1 0.022487
138.2 0.019256
138.3 0.024283
138.4 0.019615
138.5 0.026078
138.6 0.015666
138.7 0.020692
138.8 0.026078
138.9 0.040798
139 0.022487
139.1 0.0077671
139.2 0.030745
139.3 0.0038178
139.4 0.0074081
139.5 0.023924
139.6 0.0088442
139.7 0.018179
139.8 0.014589
139.9 0.013871
140 0.013512
140.1 0.015666
140.2 0.015666
140.3 0.02141
140.4 0.030027
140.5 0.02895
140.6 0.024642
140.7 0.030386
140.8 0.033617
140.9 0.02895
141 0.012435
141.1 0.024283
141.2 0.024642
141.3 0.014589
141.4 0.01028
141.5 0.019974
141.6 0.020692
141.7 0.02536
141.8 0.01423
141.9 0.023924
142 0.020333
142.1 0.01423
142.2 0.0074081
142.3 0.0081262
142.4 0.0084852
142.5 0.0092033
142.6 0.012076
142.7 0.015307
142.8 0.0088442
142.9 0.022487
143 0.029668
143.1 0.029668
143.2 0.015666
143.3 0.0074081
143.4 0.0020227
143.5 0.014589
143.6 0.017102
143.7 0.013153
143.8 0.028232
143.9 0.018538
144 0.011716
144.1 0.02536
144.2 0.022128
144.3 0.014589
144.4 0.01423
144.5 0.023924
144.6 0.027873
144.7 0.01782
144.8 -0.0040809
144.9 0.020333
145 0.023564
145.1 0.029668
145.2 0.0077671
145.3 0.0088442
145.4 0.02536
145.5 0.032899
145.6 -0.00013153
145.7 0.016384
145.8 0.019615
145.9 0.032181
146 0.024642
146.1 0.0016636
146.2 0.021051
146.3 0.027873
146.4 0.031104
146.5 0.044747
146.6 0.034694
146.7 0.031822
146.8 0.058031
146.9 0.05121
147 0.035772
147.1 0.035412
147.2 0.038285
147.3 0.050133
147.4 0.037208
147.5 0.040439
147.6 0.022846
147.7 0.053364
147.8 0.044029
147.9 0.040439
148 0.034335
148.1 0.045465
148.2 0.034694
148.3 0.030386
148.4 0.044029
148.5 0.029309
148.6 0.025719
148.7 0.014589
148.8 0.034335
148.9 0.025719
149 0.03254
149.1 0.045106
149.2 0.036849
149.3 0.052287
149.4 0.03254
149.5 0.036849
149.6 0.051569
149.7 0.038285
149.8 0.041875
149.9 0.04008
150 0.027514
150.1 0.024642
150.2 0.020692
150.3 0.03649
150.4 0.032899
150.5 0.02141
150.6 0.030027
150.7 0.033258
150.8 0.029668
150.9 0.039003
151 0.033976
151.1 0.035412
151.2 0.026796
151.3 0.036131
151.4 0.029668
151.5 0.03254
151.6 0.022846
151.7 0.016384
151.8 0.023205
151.9 0.033258
152 0.0045359
152.1 0.03254
152.2 0.040439
152.3 0.035412
152.4 0.0045359
152.5 0.017102
152.6 0.020692
152.7 0.01423
152.8 0.013153
152.9 0.024642
153 0.035412
153.1 0.034335
153.2 0.025719
153.3 0.024642
153.4 0.024642
153.5 0.026078
153.6 0.026437
153.7 0.024283
153.8 0.0030997
153.9 0.02141
154 0.012794
154.1 0.022846
154.2 0.026796
154.3 0.030386
154.4 0.019256
154.5 0.02141
154.6 0.025719
154.7 0.019256
154.8 0.025719
154.9 0.035772
155 0.016025
155.1 0.019974
155.2 0.013153
155.3 0.010639
155.4 0.01028
155.5 0.023924
155.6 0.020333
155.7 0.019256
155.8 0.031822
155.9 0.014589
156 0.023924
156.1 0.018897
156.2 0.032181
156.3 0.035772
156.4 0.022128
156.5 0.027155
156.6 0.014589
156.7 0.037926
156.8 0.027873
156.9 0.050133
157 0.04367
157.1 0.02895
157.2 0.030027
157.3 0.030027
157.4 0.035412
157.5 0.05121
157.6 0.022846
157.7 0.032899
157.8 0.024283
157.9 0.017102
158 0.028591
158.1 0.021769
158.2 0.022128
158.3 0.021051
158.4 0.03649
158.5 0.026796
158.6 0.022846
158.7 0.01423
158.8 0.018179
158.9 0.026078
159 0.029668
159.1 0.024283
159.2 0.019974
159.3 0.010639
159.4 0.010998
159.5 0.014589
159.6 0.02141
159.7 0.039003
159.8 0.015307
159.9 0.018897
160 0.017102
160.1 0.036131
160.2 0.02895
160.3 0.024283
160.4 0.031104
160.5 0.012076
160.6 0.019974
160.7 0.013871
160.8 0.012076
160.9 0.031463
161 0.011716
161.1 0.0066901
161.2 0.025719
161.3 0.022128
161.4 0.020333
161.5 0.0016636
161.6 0.011716
161.7 0.0084852
161.8 0.016384
161.9 0.015666
162 0.02141
162.1 -0.0047989
162.2 0.006331
162.3 0.0066901
162.4 0.023924
162.5 0.0084852
162.6 0.0020227
162.7 0.012435
162.8 0.017102
162.9 0.0081262
163 0.013153
163.1 0.012076
163.2 0.023205
163.3 0.015307
163.4 -0.0030038
163.5 0.021051
163.6 0.016743
163.7 0.0092033
163.8 0.012794
163.9 0.014589
164 0.0034588
164.1 -0.0069531
164.2 0.016025
164.3 0.020333
164.4 0.0095623
164.5 0.006331
164.6 0.017102
164.7 0.016025
164.8 0.0038178
164.9 0.01028
165 0.010998
165.1 0.016743
165.2 0.012435
165.3 -0.0040809
165.4 0.011357
165.5 0.0034588
165.6 0.0020227
165.7 -0.011261
165.8 0.0074081
165.9 0.010998
166 0.0084852
166.1 0.010639
166.2 -0.020596
166.3 -0.0073121
166.4 -0.0033628
166.5 -0.0047989
166.6 0.011716
166.7 -0.0080302
166.8 0.0099213
166.9 -0.0069531
167 0.0002275
167.1 0.0070491
167.2 0.0066901
167.3 0.005972
167.4 -0.0015676
167.5 0.0081262
167.6 0.0074081
167.7 -0.020596
167.8 0.01782
167.9 -0.0026447
168 -0.0087483
168.1 -0.005517
168.2 0.021769
168.3 -0.0022857
168.4 0.011716
168.5 -0.00084959
168.6 -0.0083892
168.7 -0.0076712
168.8 -0.0012086
168.9 -0.0091073
169 -0.015929
169.1 -0.0091073
169.2 -0.012698
169.3 -0.0040809
169.4 0.0016636
169.5 0.0016636
169.6 -0.006235
169.7 -0.0094663
169.8 0.02536
169.9 0.005613
170 -0.00084959
170.1 -0.0076712
170.2 -0.013775
170.3 -0.0040809
170.4 0.0016636
170.5 -0.017365
170.6 -0.013416
170.7 -0.0022857
170.8 -0.0030038
170.9 -0.0087483
171 0.0027407
171.1 -0.0094663
171.2 -0.011261
171.3 -0.017365
171.4 -0.014134
171.5 -0.014134
171.6 -0.012339
171.7 0.013153
171.8 -0.0015676
171.9 -0.0040809
172 -0.0087483
172.1 -0.023828
172.2 0.013871
172.3 -0.022391
172.4 0.0074081
172.5 -0.0037218
172.6 -0.013416
172.7 -0.0030038
172.8 -0.0069531
172.9 -0.02275
173 -0.0083892
173.1 0.0077671
173.2 0.00094557
173.3 -0.019878
173.4 -0.017006
173.5 -0.023109
173.6 -0.017365
173.7 -0.019519
173.8 0.0013046
173.9 -0.0087483
174 -0.005158
174.1 -0.014852
174.2 -0.0047989
174.3 -0.024546
174.4 0.0066901
174.5 -0.0087483
174.6 -0.0083892
174.7 -0.010902
174.8 -0.005158
174.9 0.006331
175 0.0092033
175.1 -0.011261
175.2 0.0038178
175.3 -0.029213
175.4 -0.019519
175.5 -0.0073121
175.6 -0.010543
175.7 0.00094557
175.8 0.0027407
175.9 -0.0026447
176 -0.013416
176.1 -0.013416
176.2 -0.014134
176.3 -0.006235
176.4 -0.012698
176.5 0.0081262
176.6 -0.0065941
176.7 -0.013775
176.8 -0.010184
176.9 -0.0015676
177 -0.0080302
177.1 -0.0087483
177.2 -0.005876
177.3 -0.013057
177.4 -0.018083
177.5 -0.005517
177.6 -0.014134
177.7 -0.013775
177.8 -0.0026447
177.9 -0.01198
178 -0.013416
178.1 -0.012698
178.2 -0.010184
178.3 -0.0087483
178.4 0.0077671
178.5 -0.01557
178.6 0.0041768
178.7 0.005972
178.8 0.0034588
178.9 -0.022391
179 -0.014493
179.1 0.0002275
179.2 0.0027407
179.3 -0.010902
179.4 -0.011261
179.5 -0.010184
179.6 -0.021673
179.7 -0.0094663
179.8 -0.0094663
179.9 -0.012698
180 -0.019878
180.1 -0.022032
180.2 -0.016288
180.3 -0.005517
180.4 0.0074081
180.5 -0.022032
180.6 -0.01916
180.7 -0.0073121
180.8 -0.017724
180.9 -0.013416
181 -0.024905
181.1 0.0048949
181.2 -0.0080302
181.3 -0.015211
181.4 0.0013046
181.5 -0.024546
181.6 -0.01162
181.7 -0.013416
181.8 -0.0044399
181.9 -0.01162
182 -0.0087483
182.1 -0.0033628
182.2 -0.018801
182.3 -0.015211
182.4 -0.0030038
182.5 -0.010184
182.6 -0.016288
182.7 -0.01198
182.8 0.00058653
182.9 0.0074081
183 0.0066901
183.1 0.005613
183.2 -0.0098253
183.3 -0.0069531
183.4 0.0081262
183.5 -0.0026447
183.6 0.0038178
183.7 0.0077671
183.8 0.0038178
183.9 -0.0047989
184 0.00058653
184.1 -0.0087483
184.2 -0.0073121
184.3 0.0013046
184.4 0.00094557
184.5 -0.0047989
184.6 -0.023109
184.7 0.0045359
184.8 -0.0083892
184.9 0.0092033
185 -0.0047989
185.1 -0.0012086
185.2 -0.00084959
185.3 0.0045359
185.4 0.0088442
185.5 -0.0087483
185.6 0.0027407
185.7 0.013512
185.8 0.0077671
185.9 0.0066901
186 -0.0019267
186.1 -0.005876
186.2 0.017461
186.3 0.028591
186.4 0.016025
186.5 0.010639
186.6 0.0066901
186.7 0.011716
186.8 0.0088442
186.9 0.0092033
187 0.02141
187.1 -0.00049056
187.2 0.027155
187.3 0.00058653
187.4 -0.00049056
187.5 0.0013046
187.6 0.0013046
187.7 -0.005517
187.8 -0.01557
187.9 -0.00049056
188 0.0077671
188.1 0.018897
188.2 0.013871
188.3 0.018538
188.4 -0.010184
188.5 -0.0033628
188.6 0.0081262
188.7 0.012076
188.8 0.017102
188.9 0.0092033
189 0.012076
189.1 0.016384
189.2 0.026796
189.3 0.01423
189.4 -0.0022857
189.5 0.0052539
189.6 -0.0026447
189.7 0.0034588
189.8 0.0088442
189.9 0.016025
190 0.01423
190.1 0.012076
190.2 0.020692
190.3 0.0048949
190.4 0.020333
190.5 0.0016636
190.6 0.005613
190.7 0.0020227
190.8 0.0081262
190.9 0.0034588
191 0.0023817
191.1 0.00094557
191.2 0.010639
191.3 -0.0047989
191.4 -0.0015676
191.5 0.0034588
191.6 -0.005158
191.7 0.0095623
191.8 -0.0033628
191.9 0.006331
192 0.022846
192.1 0.010639
192.2 -0.0094663
192.3 -0.0030038
192.4 -0.0091073
192.5 0.015666
192.6 0.019974
192.7 0.0066901
192.8 -0.0026447
192.9 -0.0069531
193 -0.005876
193.1 -0.0044399
193.2 -0.0037218
193.3 -0.011261
193.4 -0.0012086
193.5 0.0013046
193.6 0.0020227
193.7 0.0002275
193.8 -0.0087483
193.9 -0.018801
194 -0.005158
194.1 0.0088442
194.2 0.013871
194.3 -0.0069531
194.4 0.0048949
194.5 0.0099213
194.6 -0.0030038
194.7 -0.0083892
194.8 0.0016636
194.9 -0.0019267
195 -0.010184
195.1 -0.0030038
195.2 0.0002275
195.3 -0.014493
195.4 0.0070491
195.5 0.0034588
195.6 -0.0091073
195.7 -0.0019267
195.8 -0.010543
195.9 0.01028
196 0.005613
196.1 0.0020227
196.2 0.0027407
196.3 -0.005517
196.4 -0.0044399
196.5 -0.0083892
196.6 0.0034588
196.7 -0.012698
196.8 0.006331
196.9 0.01782
197 -0.010184
197.1 0.0081262
197.2 0.012435
197.3 -0.0033628
197.4 -0.0015676
197.5 0.0088442
197.6 0.00058653
197.7 -0.010543
197.8 -0.0037218
197.9 -0.0044399
198 0.0013046
198.1 0.006331
198.2 -0.0022857
198.3 -0.010902
198.4 0.0030997
198.5 0.005972
198.6 -0.00084959
198.7 -0.0098253
198.8 -0.0033628
198.9 0.00094557
199 -0.00013153
199.1 0.0016636
199.2 -0.016647
199.3 -0.013057
199.4 -0.010543
199.5 0.0077671
199.6 -0.0037218
199.7 0.0070491
199.8 -0.0083892
199.9 -0.015929
200 -0.018442
200.1 -0.00013153
