2001 2
0.1 0.01117
0.2 2.1797
0.3 3.4594
0.4 1.2999
0.5 0.59128
0.6 0.31607
0.7 0.15043
0.8 0.062874
0.9 0.014748
1 -0.013174
1.1 -0.031344
1.2 -0.039973
1.3 -0.042218
1.4 -0.038781
1.5 -0.036676
1.6 -0.032958
1.7 -0.027135
1.8 -0.022013
1.9 -0.018646
2 -0.012823
2.1 -0.0058076
2.2 -0.0035626
2.3 0.0031723
2.4 0.010749
2.5 0.022675
2.6 0.039513
2.7 0.058805
2.8 0.082518
2.9 0.10848
3 0.13387
3.1 0.15913
3.2 0.18088
3.3 0.20038
3.4 0.21925
3.5 0.23532
3.6 0.24717
3.7 0.26106
3.8 0.27173
3.9 0.28295
4 0.29691
4.1 0.30933
4.2 0.31684
4.3 0.32673
4.4 0.33802
4.5 0.34672
4.6 0.35984
4.7 0.36896
4.8 0.38089
4.9 0.38952
5 0.39913
5.1 0.40832
5.2 0.41646
5.3 0.42866
5.4 0.43814
5.5 0.44634
5.6 0.45638
5.7 0.46129
5.8 0.47097
5.9 0.47967
6 0.48724
6.1 0.49237
6.2 0.49959
6.3 0.50703
6.4 0.51496
6.5 0.5233
6.6 0.53018
6.7 0.53769
6.8 0.54393
6.9 0.54842
7 0.55614
7.1 0.56105
7.2 0.56357
7.3 0.56919
7.4 0.57739
7.5 0.5875
7.6 0.5969
7.7 0.60819
7.8 0.61998
7.9 0.62826
8 0.63983
8.1 0.65218
8.2 0.662
8.3 0.67505
8.4 0.68059
8.5 0.68901
8.6 0.70038
8.7 0.70767
8.8 0.71399
8.9 0.72402
9 0.72956
9.1 0.73777
9.2 0.74247
9.3 0.74689
9.4 0.75117
9.5 0.75832
9.6 0.76169
9.7 0.76681
9.8 0.77158
9.9 0.77369
10 0.77769
10.1 0.77923
10.2 0.77993
10.3 0.78155
10.4 0.78442
10.5 0.78912
10.6 0.79523
10.7 0.7974
10.8 0.79986
10.9 0.80196
11 0.80512
11.1 0.80456
11.2 0.8068
11.3 0.80638
11.4 0.80498
11.5 0.80722
11.6 0.80771
11.7 0.80989
11.8 0.81368
11.9 0.81711
12 0.81641
12.1 0.81733
12.2 0.81438
12.3 0.81445
12.4 0.8162
12.5 0.81494
12.6 0.81676
12.7 0.81494
12.8 0.81494
12.9 0.81333
13 0.81347
13.1 0.81536
13.2 0.81817
13.3 0.81662
13.4 0.81641
13.5 0.8148
13.6 0.8134
13.7 0.81536
13.8 0.81438
13.9 0.81466
14 0.81438
14.1 0.81319
14.2 0.81312
14.3 0.81234
14.4 0.81129
14.5 0.8108
14.6 0.81171
14.7 0.81073
14.8 0.81326
14.9 0.81164
15 0.8101
15.1 0.81255
15.2 0.8162
15.3 0.81347
15.4 0.81515
15.5 0.81298
15.6 0.81284
15.7 0.81262
15.8 0.81206
15.9 0.81255
16 0.81543
16.1 0.81866
16.2 0.81943
16.3 0.82245
16.4 0.82182
16.5 0.8221
16.6 0.8256
16.7 0.82701
16.8 0.82638
16.9 0.82434
17 0.82273
17.1 0.82483
17.2 0.82504
17.3 0.82553
17.4 0.82609
17.5 0.8268
17.6 0.82764
17.7 0.82883
17.8 0.82883
17.9 0.82904
18 0.82995
18.1 0.83129
18.2 0.82616
18.3 0.82862
18.4 0.83009
18.5 0.83044
18.6 0.83136
18.7 0.83269
18.8 0.83185
18.9 0.83213
19 0.8315
19.1 0.83108
19.2 0.8303
19.3 0.83009
19.4 0.82911
19.5 0.82904
19.6 0.82715
19.7 0.82715
19.8 0.82743
19.9 0.82525
20 0.82343
20.1 0.82483
20.2 0.82715
20.3 0.82778
20.4 0.82869
20.5 0.82869
20.6 0.83016
20.7 0.82918
20.8 0.82813
20.9 0.82792
21 0.82694
21.1 0.82687
21.2 0.8303
21.3 0.82932
21.4 0.82623
21.5 0.82385
21.6 0.82357
21.7 0.82238
21.8 0.82125
21.9 0.82104
22 0.81887
22.1 0.81908
22.2 0.82245
22.3 0.82448
22.4 0.82196
22.5 0.82196
22.6 0.82217
22.7 0.81943
22.8 0.8202
22.9 0.81915
23 0.81697
23.1 0.81578
23.2 0.81543
23.3 0.81571
23.4 0.81424
23.5 0.81494
23.6 0.81277
23.7 0.81347
23.8 0.81277
23.9 0.81305
24 0.81298
24.1 0.8082
24.2 0.80547
24.3 0.80442
24.4 0.80442
24.5 0.80456
24.6 0.80421
24.7 0.80182
24.8 0.80252
24.9 0.80007
25 0.79937
25.1 0.79845
25.2 0.79502
25.3 0.79207
25.4 0.79081
25.5 0.79067
25.6 0.78814
25.7 0.78912
25.8 0.78618
25.9 0.78533
26 0.78421
26.1 0.78218
26.2 0.78112
26.3 0.77993
26.4 0.77853
26.5 0.77544
26.6 0.7746
26.7 0.77102
26.8 0.77074
26.9 0.76941
27 0.76801
27.1 0.76702
27.2 0.76737
27.3 0.7678
27.4 0.7673
27.5 0.76709
27.6 0.76246
27.7 0.75741
27.8 0.75573
27.9 0.75762
28 0.75573
28.1 0.75629
28.2 0.75292
28.3 0.75124
28.4 0.74822
28.5 0.75026
28.6 0.74829
28.7 0.74219
28.8 0.74359
28.9 0.74177
29 0.7391
29.1 0.74008
29.2 0.73854
29.3 0.73602
29.4 0.73482
29.5 0.73405
29.6 0.73209
29.7 0.73131
29.8 0.72851
29.9 0.72697
30 0.72767
30.1 0.72633
30.2 0.72304
30.3 0.72093
30.4 0.71792
30.5 0.71427
30.6 0.71244
30.7 0.71048
30.8 0.70964
30.9 0.7095
31 0.70704
31.1 0.70655
31.2 0.7076
31.3 0.70669
31.4 0.70108
31.5 0.69932
31.6 0.69848
31.7 0.69687
31.8 0.69799
31.9 0.69932
32 0.69455
32.1 0.69301
32.2 0.6921
32.3 0.6888
32.4 0.68585
32.5 0.68298
32.6 0.67982
32.7 0.68186
32.8 0.68003
32.9 0.68101
33 0.68024
33.1 0.67772
33.2 0.67379
33.3 0.67042
33.4 0.66712
33.5 0.66782
33.6 0.66705
33.7 0.66607
33.8 0.66733
33.9 0.66319
34 0.66242
34.1 0.66179
34.2 0.66186
34.3 0.6552
34.4 0.6519
34.5 0.6526
34.6 0.65176
34.7 0.64874
34.8 0.64874
34.9 0.64979
35 0.64846
35.1 0.64516
35.2 0.64418
35.3 0.64046
35.4 0.63906
35.5 0.63499
35.6 0.63422
35.7 0.63099
35.8 0.63127
35.9 0.63148
36 0.63064
36.1 0.62959
36.2 0.6265
36.3 0.62601
36.4 0.62636
36.5 0.62082
36.6 0.61963
36.7 0.61914
36.8 0.62068
36.9 0.61808
37 0.61528
37.1 0.61479
37.2 0.61479
37.3 0.61409
37.4 0.61191
37.5 0.61016
37.6 0.6077
37.7 0.60433
37.8 0.60433
37.9 0.6016
38 0.59914
38.1 0.59655
38.2 0.59493
38.3 0.59409
38.4 0.59535
38.5 0.59458
38.6 0.59135
38.7 0.59086
38.8 0.591
38.9 0.58827
39 0.58378
39.1 0.58546
39.2 0.58343
39.3 0.58181
39.4 0.57992
39.5 0.57753
39.6 0.57529
39.7 0.57459
39.8 0.57445
39.9 0.57213
40 0.57059
40.1 0.56855
40.2 0.56771
40.3 0.5675
40.4 0.56659
40.5 0.56568
40.6 0.56392
40.7 0.56357
40.8 0.56224
40.9 0.56098
41 0.55993
41.1 0.55852
41.2 0.55403
41.3 0.55102
41.4 0.5487
41.5 0.54877
41.6 0.55045
41.7 0.55116
41.8 0.54849
41.9 0.54624
42 0.54632
42.1 0.54302
42.2 0.53944
42.3 0.53986
42.4 0.53902
42.5 0.53951
42.6 0.53684
42.7 0.5346
42.8 0.53151
42.9 0.53299
43 0.53341
43.1 0.53088
43.2 0.52934
43.3 0.52723
43.4 0.52344
43.5 0.52295
43.6 0.52232
43.7 0.52246
43.8 0.52197
43.9 0.5205
44 0.52057
44.1 0.51671
44.2 0.51264
44.3 0.50885
44.4 0.51011
44.5 0.51096
44.6 0.5045
44.7 0.50408
44.8 0.50422
44.9 0.50612
45 0.50338
45.1 0.50064
45.2 0.49693
45.3 0.49412
45.4 0.49398
45.5 0.493
45.6 0.49096
45.7 0.48858
45.8 0.48858
45.9 0.48752
46 0.48781
46.1 0.4871
46.2 0.48724
46.3 0.48402
46.4 0.48114
46.5 0.47995
46.6 0.4777
46.7 0.47525
46.8 0.47539
46.9 0.47174
47 0.47132
47.1 0.46935
47.2 0.47034
47.3 0.4702
47.4 0.46781
47.5 0.46732
47.6 0.46655
47.7 0.46374
47.8 0.46318
47.9 0.46437
48 0.46381
48.1 0.46234
48.2 0.45841
48.3 0.45483
48.4 0.45483
48.5 0.45659
48.6 0.45715
48.7 0.45581
48.8 0.45139
48.9 0.44866
49 0.45013
49.1 0.44683
49.2 0.44431
49.3 0.44403
49.4 0.44354
49.5 0.44466
49.6 0.44256
49.7 0.4401
49.8 0.44333
49.9 0.44185
50 0.4375
50.1 0.43715
50.2 0.43828
50.3 0.43596
50.4 0.43147
50.5 0.4321
50.6 0.43042
50.7 0.42698
50.8 0.42495
50.9 0.42775
51 0.43056
51.1 0.4288
51.2 0.42768
51.3 0.42712
51.4 0.42439
51.5 0.42137
51.6 0.42074
51.7 0.41716
51.8 0.41407
51.9 0.41379
52 0.41281
52.1 0.41218
52.2 0.41225
52.3 0.41239
52.4 0.41092
52.5 0.41
52.6 0.40902
52.7 0.40986
52.8 0.40965
52.9 0.40832
53 0.40474
53.1 0.40362
53.2 0.40362
53.3 0.40165
53.4 0.39899
53.5 0.40053
53.6 0.40102
53.7 0.40187
53.8 0.40257
53.9 0.39857
54 0.39871
54.1 0.39822
54.2 0.39485
54.3 0.39387
54.4 0.39338
54.5 0.39443
54.6 0.39274
54.7 0.3938
54.8 0.39015
54.9 0.39071
55 0.38861
55.1 0.38818
55.2 0.38826
55.3 0.38685
55.4 0.38664
55.5 0.38201
55.6 0.37836
55.7 0.37752
55.8 0.37745
55.9 0.37878
56 0.37724
56.1 0.37408
56.2 0.37317
56.3 0.37352
56.4 0.37065
56.5 0.37093
56.6 0.3703
56.7 0.37128
56.8 0.3698
56.9 0.36931
57 0.36574
57.1 0.36538
57.2 0.36595
57.3 0.36174
57.4 0.35837
57.5 0.36089
57.6 0.35935
57.7 0.35816
57.8 0.35963
57.9 0.35753
58 0.35346
58.1 0.35177
58.2 0.34946
58.3 0.34932
58.4 0.34862
58.5 0.34602
58.6 0.34532
58.7 0.34455
58.8 0.34441
58.9 0.34413
59 0.3423
59.1 0.34146
59.2 0.34062
59.3 0.34069
59.4 0.33704
59.5 0.33501
59.6 0.33395
59.7 0.33543
59.8 0.33613
59.9 0.3336
60 0.33346
60.1 0.33431
60.2 0.33094
60.3 0.32533
60.4 0.32799
60.5 0.32743
60.6 0.32743
60.7 0.32364
60.8 0.32048
60.9 0.31978
61 0.31789
61.1 0.31957
61.2 0.32105
61.3 0.31866
61.4 0.31691
61.5 0.31494
61.6 0.31543
61.7 0.31621
61.8 0.31249
61.9 0.31115
62 0.31158
62.1 0.31129
62.2 0.31052
62.3 0.30947
62.4 0.30961
62.5 0.30975
62.6 0.3094
62.7 0.30709
62.8 0.30617
62.9 0.30295
63 0.30407
63.1 0.30519
63.2 0.30344
63.3 0.30246
63.4 0.29993
63.5 0.29712
63.6 0.2939
63.7 0.29453
63.8 0.29186
63.9 0.28948
64 0.28934
64.1 0.28821
64.2 0.29032
64.3 0.28772
64.4 0.28737
64.5 0.28772
64.6 0.28814
64.7 0.28562
64.8 0.28667
64.9 0.28618
65 0.28541
65.1 0.28428
65.2 0.28197
65.3 0.27734
65.4 0.27369
65.5 0.27383
65.6 0.27271
65.7 0.26934
65.8 0.27103
65.9 0.27215
66 0.27173
66.1 0.26997
66.2 0.2699
66.3 0.26703
66.4 0.26415
66.5 0.26296
66.6 0.26583
66.7 0.26745
66.8 0.26555
66.9 0.26127
67 0.26148
67.1 0.26162
67.2 0.26176
67.3 0.26191
67.4 0.25657
67.5 0.25426
67.6 0.25524
67.7 0.25594
67.8 0.25124
67.9 0.25117
68 0.25068
68.1 0.25314
68.2 0.25461
68.3 0.2518
68.4 0.25117
68.5 0.24773
68.6 0.24921
68.7 0.25005
68.8 0.2483
68.9 0.24745
69 0.24437
69.1 0.24458
69.2 0.24549
69.3 0.2424
69.4 0.23798
69.5 0.23875
69.6 0.24044
69.7 0.24002
69.8 0.24037
69.9 0.24065
70 0.23805
70.1 0.23405
70.2 0.22984
70.3 0.23055
70.4 0.22809
70.5 0.23048
70.6 0.23223
70.7 0.23188
70.8 0.23349
70.9 0.233
71 0.22956
71.1 0.22704
71.2 0.2276
71.3 0.22634
71.4 0.22521
71.5 0.22514
71.6 0.22528
71.7 0.22423
71.8 0.22114
71.9 0.22058
72 0.21658
72.1 0.21574
72.2 0.21708
72.3 0.21757
72.4 0.21532
72.5 0.21364
72.6 0.21448
72.7 0.21231
72.8 0.21224
72.9 0.21118
73 0.21125
73.1 0.21343
73.2 0.21132
73.3 0.20824
73.4 0.20613
73.5 0.20557
73.6 0.20543
73.7 0.2041
73.8 0.20368
73.9 0.20024
74 0.19863
74.1 0.19806
74.2 0.19813
74.3 0.20129
74.4 0.20164
74.5 0.20038
74.6 0.19841
74.7 0.19491
74.8 0.19357
74.9 0.19498
75 0.19456
75.1 0.19371
75.2 0.1947
75.3 0.19357
75.4 0.19315
75.5 0.19294
75.6 0.18852
75.7 0.19147
75.8 0.19259
75.9 0.19182
76 0.18915
76.1 0.18607
76.2 0.18628
76.3 0.18537
76.4 0.18305
76.5 0.18003
76.6 0.17554
76.7 0.17765
76.8 0.17688
76.9 0.17744
77 0.17954
77.1 0.18137
77.2 0.18256
77.3 0.18158
77.4 0.17996
77.5 0.17884
77.6 0.17856
77.7 0.17786
77.8 0.17933
77.9 0.17856
78 0.17982
78.1 0.17849
78.2 0.17204
78.3 0.16937
78.4 0.16916
78.5 0.17077
78.6 0.17077
78.7 0.17
78.8 0.16888
78.9 0.16958
79 0.16874
79.1 0.16825
79.2 0.17014
79.3 0.17056
79.4 0.16691
79.5 0.16923
79.6 0.16832
79.7 0.16593
79.8 0.16523
79.9 0.16285
80 0.16123
80.1 0.15899
80.2 0.15864
80.3 0.1613
80.4 0.15779
80.5 0.15885
80.6 0.15843
80.7 0.15899
80.8 0.1573
80.9 0.15716
81 0.15843
81.1 0.15885
81.2 0.15913
81.3 0.15779
81.4 0.15506
81.5 0.15527
81.6 0.15295
81.7 0.15716
81.8 0.15864
81.9 0.15934
82 0.15576
82.1 0.15436
82.2 0.15141
82.3 0.15218
82.4 0.15169
82.5 0.1533
82.6 0.15323
82.7 0.15085
82.8 0.1526
82.9 0.15092
83 0.15211
83.1 0.15078
83.2 0.15211
83.3 0.15148
83.4 0.15134
83.5 0.15022
83.6 0.14825
83.7 0.14959
83.8 0.14762
83.9 0.14818
84 0.14538
84.1 0.14713
84.2 0.14804
84.3 0.14657
84.4 0.14797
84.5 0.14769
84.6 0.14454
84.7 0.14355
84.8 0.14503
84.9 0.14447
85 0.14271
85.1 0.14552
85.2 0.14657
85.3 0.14383
85.4 0.14243
85.5 0.13955
85.6 0.14306
85.7 0.14313
85.8 0.13934
85.9 0.13829
86 0.14271
86.1 0.14138
86.2 0.13983
86.3 0.13717
86.4 0.13773
86.5 0.13478
86.6 0.13506
86.7 0.13815
86.8 0.13955
86.9 0.13801
87 0.13303
87.1 0.13071
87.2 0.13107
87.3 0.13254
87.4 0.13001
87.5 0.12854
87.6 0.12763
87.7 0.13128
87.8 0.13135
87.9 0.12875
88 0.13029
88.1 0.13015
88.2 0.12966
88.3 0.12721
88.4 0.12405
88.5 0.12615
88.6 0.12784
88.7 0.12875
88.8 0.12875
88.9 0.12728
89 0.12524
89.1 0.12461
89.2 0.12384
89.3 0.12258
89.4 0.12026
89.5 0.11802
89.6 0.12103
89.7 0.12384
89.8 0.12159
89.9 0.1204
90 0.11872
90.1 0.11879
90.2 0.11935
90.3 0.11767
90.4 0.11696
90.5 0.11696
90.6 0.11598
90.7 0.11226
90.8 0.11156
90.9 0.11163
91 0.11163
91.1 0.11535
91.2 0.11528
91.3 0.11233
91.4 0.1129
91.5 0.11261
91.6 0.11304
91.7 0.11058
91.8 0.1103
91.9 0.11079
92 0.1129
92.1 0.11416
92.2 0.1129
92.3 0.10869
92.4 0.10988
92.5 0.11191
92.6 0.11184
92.7 0.11198
92.8 0.1117
92.9 0.10897
93 0.10742
93.1 0.10721
93.2 0.10686
93.3 0.10904
93.4 0.10756
93.5 0.10567
93.6 0.10911
93.7 0.10841
93.8 0.10441
93.9 0.10335
94 0.10363
94.1 0.10279
94.2 0.10216
94.3 0.10356
94.4 0.10349
94.5 0.10328
94.6 0.10476
94.7 0.10406
94.8 0.10476
94.9 0.10462
95 0.10427
95.1 0.10237
95.2 0.099987
95.3 0.099636
95.4 0.097742
95.5 0.097742
95.6 0.099496
95.7 0.099215
95.8 0.09697
95.9 0.099425
96 0.10321
96.1 0.10286
96.2 0.098794
96.3 0.097742
96.4 0.097952
96.5 0.09718
96.6 0.094515
96.7 0.097391
96.8 0.097882
96.9 0.094725
97 0.094234
97.1 0.095286
97.2 0.09227
97.3 0.093392
97.4 0.090796
97.5 0.088341
97.6 0.090937
97.7 0.09262
97.8 0.089534
97.9 0.089042
98 0.08778
98.1 0.087218
98.2 0.085745
98.3 0.08357
98.4 0.084202
98.5 0.083079
98.6 0.081816
98.7 0.082588
98.8 0.080904
98.9 0.080975
99 0.079571
99.1 0.080764
99.2 0.082097
99.3 0.082448
99.4 0.079291
99.5 0.07873
99.6 0.079712
99.7 0.078659
99.8 0.078449
99.9 0.076765
100 0.07894
100.1 0.080624
100.2 0.079501
100.3 0.076064
100.4 0.075783
100.5 0.075994
100.6 0.076204
100.7 0.076414
100.8 0.075994
100.9 0.075082
101 0.076555
101.1 0.076835
101.2 0.075783
101.3 0.07445
101.4 0.070451
101.5 0.069329
101.6 0.070872
101.7 0.071433
101.8 0.072556
101.9 0.073047
102 0.071714
102.1 0.071433
102.2 0.071012
102.3 0.070241
102.4 0.072345
102.5 0.072486
102.6 0.070942
102.7 0.069259
102.8 0.068978
102.9 0.066733
103 0.065049
103.1 0.065961
103.2 0.067575
103.3 0.066593
103.4 0.064909
103.5 0.062173
103.6 0.061542
103.7 0.064628
103.8 0.065119
103.9 0.063927
104 0.063366
104.1 0.067084
104.2 0.069048
104.3 0.069329
104.4 0.06975
104.5 0.069399
104.6 0.066102
104.7 0.064979
104.8 0.062243
104.9 0.062243
105 0.064839
105.1 0.066943
105.2 0.064839
105.3 0.062454
105.4 0.060349
105.5 0.058665
105.6 0.058455
105.7 0.058525
105.8 0.058104
105.9 0.058595
106 0.055017
106.1 0.05621
106.2 0.056631
106.3 0.059016
106.4 0.058665
106.5 0.058455
106.6 0.057893
106.7 0.057613
106.8 0.057332
106.9 0.057122
107 0.057473
107.1 0.054386
107.2 0.052351
107.3 0.053123
107.4 0.053193
107.5 0.053684
107.6 0.053754
107.7 0.052421
107.8 0.053193
107.9 0.054245
108 0.051579
108.1 0.053474
108.2 0.055228
108.3 0.055087
108.4 0.053123
108.5 0.049264
108.6 0.048633
108.7 0.048843
108.8 0.046388
108.9 0.045827
109 0.049334
109.1 0.055578
109.2 0.057753
109.3 0.055999
109.4 0.057122
109.5 0.054666
109.6 0.052071
109.7 0.052351
109.8 0.053544
109.9 0.054245
110 0.052351
110.1 0.049124
110.2 0.050457
110.3 0.051369
110.4 0.052421
110.5 0.052
110.6 0.047651
110.7 0.04723
110.8 0.048072
110.9 0.048142
111 0.048703
111.1 0.045967
111.2 0.046037
111.3 0.049124
111.4 0.048493
111.5 0.048002
111.6 0.045897
111.7 0.044353
111.8 0.044424
111.9 0.046037
112 0.048212
112.1 0.04737
112.2 0.045967
112.3 0.045336
112.4 0.045967
112.5 0.044494
112.6 0.044283
112.7 0.044564
112.8 0.045265
112.9 0.04281
113 0.044003
113.1 0.046739
113.2 0.044494
113.3 0.0059785
113.4 -0.038781
113.5 -0.014858
113.6 0.0079428
113.7 0.022184
113.8 0.028007
113.9 0.033339
114 0.032708
114.1 0.03362
114.2 0.034251
114.3 0.034953
114.4 0.033269
114.5 0.030954
114.6 0.03383
114.7 0.035795
114.8 0.034953
114.9 0.037478
115 0.037759
115.1 0.039302
115.2 0.039092
115.3 0.036566
115.4 0.034672
115.5 0.032567
115.6 0.035935
115.7 0.035654
115.8 0.037548
115.9 0.040565
116 0.041828
116.1 0.039583
116.2 0.034882
116.3 0.035093
116.4 0.034953
116.5 0.031796
116.6 0.031655
116.7 0.036075
116.8 0.035514
116.9 0.032497
117 0.031515
117.1 0.033479
117.2 0.034532
117.3 0.035233
117.4 0.03376
117.5 0.035514
117.6 0.034251
117.7 0.03362
117.8 0.032708
117.9 0.030743
118 0.031094
118.1 0.033269
118.2 0.035233
118.3 0.035023
118.4 0.032076
118.5 0.02927
118.6 0.0292
118.7 0.030463
118.8 0.030252
118.9 0.032006
119 0.032357
119.1 0.033269
119.2 0.028919
119.3 0.026674
119.4 0.027376
119.5 0.025903
119.6 0.025201
119.7 0.027236
119.8 0.028709
119.9 0.02934
120 0.027306
120.1 0.027306
120.2 0.026885
120.3 0.028218
120.4 0.027516
120.5 0.028849
120.6 0.031655
120.7 0.032006
120.8 0.03397
120.9 0.030252
121 0.028148
121.1 0.028428
121.2 0.030252
121.3 0.029481
121.4 0.025271
121.5 0.026113
121.6 0.02941
121.7 0.028077
121.8 0.02941
121.9 0.02934
122 0.028428
122.1 0.028077
122.2 0.028498
122.3 0.028007
122.4 0.025552
122.5 0.026955
122.6 0.028428
122.7 0.028569
122.8 0.028007
122.9 0.026113
123 0.027165
123.1 0.026113
123.2 0.022465
123.3 0.022746
123.4 0.023868
123.5 0.023307
123.6 0.022605
123.7 0.024289
123.8 0.025201
123.9 0.022956
124 0.021553
124.1 0.025201
124.2 0.022605
124.3 0.022184
124.4 0.02478
124.5 0.02471
124.6 0.023026
124.7 0.022395
124.8 0.022746
124.9 0.023026
125 0.023798
125.1 0.021553
125.2 0.021834
125.3 0.023798
125.4 0.024359
125.5 0.025131
125.6 0.023658
125.7 0.024991
125.8 0.023938
125.9 0.023307
126 0.021623
126.1 0.022746
126.2 0.021623
126.3 0.022044
126.4 0.024008
126.5 0.022325
126.6 0.023798
126.7 0.021974
126.8 0.021132
126.9 0.017765
127 0.016642
127.1 0.018957
127.2 0.016502
127.3 0.016081
127.4 0.014818
127.5 0.016432
127.6 0.018606
127.7 0.019729
127.8 0.018045
127.9 0.016361
128 0.017694
128.1 0.018326
128.2 0.017133
128.3 0.018186
128.4 0.018115
128.5 0.018677
128.6 0.018186
128.7 0.016993
128.8 0.018957
128.9 0.017975
129 0.0158
129.1 0.01566
129.2 0.018536
129.3 0.017624
129.4 0.016712
129.5 0.018466
129.6 0.018115
129.7 0.016432
129.8 0.014888
129.9 0.012082
130 0.013696
130.1 0.014678
130.2 0.015099
130.3 0.015169
130.4 0.015029
130.5 0.01559
130.6 0.016712
130.7 0.015169
130.8 0.015941
130.9 0.01573
131 0.015379
131.1 0.013836
131.2 0.014818
131.3 0.016712
131.4 0.017554
131.5 0.017273
131.6 0.013625
131.7 0.014327
131.8 0.018466
131.9 0.017344
132 0.014958
132.1 0.014958
132.2 0.013836
132.3 0.013275
132.4 0.012012
132.5 0.011591
132.6 0.012503
132.7 0.013345
132.8 0.013415
132.9 0.011591
133 0.0090653
133.1 0.010188
133.2 0.010539
133.3 0.013064
133.4 0.011521
133.5 0.010398
133.6 0.0090653
133.7 0.012082
133.8 0.012924
133.9 0.013836
134 0.012292
134.1 0.013275
134.2 0.014608
134.3 0.013976
134.4 0.013275
134.5 0.013345
134.6 0.013625
134.7 0.01138
134.8 0.013485
134.9 0.012012
135 0.010889
135.1 0.0096967
135.2 0.011801
135.3 0.01124
135.4 0.012503
135.5 0.012713
135.6 0.012573
135.7 0.010047
135.8 0.0086444
135.9 0.010539
136 0.011942
136.1 0.0096266
136.2 0.0092056
136.3 0.010749
136.4 0.0079428
136.5 0.0075921
136.6 0.012713
136.7 0.011801
136.8 0.01124
136.9 0.0099072
137 0.010539
137.1 0.012573
137.2 0.011801
137.3 0.010679
137.4 0.010047
137.5 0.01124
137.6 0.010468
137.7 0.0090653
137.8 0.011521
137.9 0.010398
138 0.0096266
138.1 0.0074517
138.2 0.0061188
138.3 0.0056277
138.4 0.0059785
138.5 0.0038738
138.6 0.0038037
138.7 0.0046455
138.8 0.0038738
138.9 0.0031021
139 0.0032424
139.1 0.0026812
139.2 0.0038037
139.3 0.0042948
139.4 0.0031021
139.5 0.0026812
139.6 -0.00082658
139.7 -0.001458
139.8 0.0014184
139.9 0.0010676
140 1.5281e-05
140.1 0.0032424
140.2 0.0056277
140.3 0.0076622
140.4 0.0075219
140.5 0.0056979
140.6 0.0053471
140.7 0.006189
140.8 0.006189
140.9 0.0079428
141 0.0062591
141.1 0.0053471
141.2 0.0068905
141.3 0.0037335
141.4 0.0047858
141.5 0.0070308
141.6 0.0070308
141.7 0.0052769
141.8 0.0067502
141.9 0.0075921
142 0.0071711
142.1 0.0078727
142.2 0.0068204
142.3 0.0064696
142.4 0.00668
142.5 0.006189
142.6 0.0053471
142.7 0.0052769
142.8 0.0035932
142.9 0.0047858
143 0.0077324
143.1 0.010539
143.2 0.0094161
143.3 0.0054172
143.4 0.0059083
143.5 0.0069607
143.6 0.0056277
143.7 0.0049262
143.8 0.0083638
143.9 0.0075219
144 0.0055576
144.1 0.0059785
144.2 0.0075219
144.3 0.006189
144.4 0.0059785
144.5 0.004856
144.6 0.0046455
144.7 0.0059083
144.8 0.0047157
144.9 0.003032
145 0.0026812
145.1 0.0041544
145.2 0.0068905
145.3 0.0084339
145.4 0.0075219
145.5 0.0047157
145.6 0.0063293
145.7 0.0033827
145.8 0.0024006
145.9 0.0031723
146 0.0035932
146.1 0.0025409
146.2 0.0045052
146.3 0.0041544
146.4 0.0054172
146.5 0.0067502
146.6 0.004856
146.7 0.0061188
146.8 0.0055576
146.9 0.0041544
147 0.0016289
147.1 0.0032424
147.2 0.0061188
147.3 0.0094161
147.4 0.0087847
147.5 0.0096266
147.6 0.0074517
147.7 0.0060486
147.8 0.0071711
147.9 0.0044351
148 0.0046455
148.1 0.0052068
148.2 0.0031723
148.3 0.0034529
148.4 0.0040141
148.5 0.0042948
148.6 0.0043649
148.7 0.0056277
148.8 0.0075219
148.9 0.0020498
149 0.002611
149.1 0.0053471
149.2 0.0063293
149.3 0.0049963
149.4 0.0040843
149.5 0.003032
149.6 0.0034529
149.7 0.0033827
149.8 0.0040141
149.9 0.0023304
150 0.0046455
150.1 0.0042246
150.2 0.0069607
150.3 0.0072413
150.4 0.0056979
150.5 0.0088549
150.6 0.0095564
150.7 0.0090653
150.8 0.0078025
150.9 0.0091355
151 0.008925
151.1 0.0080831
151.2 0.0087145
151.3 0.0082936
151.4 0.0073816
151.5 0.010468
151.6 0.010749
151.7 0.013134
151.8 0.012363
151.9 0.01124
152 0.0080831
152.1 0.0062591
152.2 0.0096967
152.3 0.011451
152.4 0.011661
152.5 0.011942
152.6 0.012503
152.7 0.012924
152.8 0.013696
152.9 0.013555
153 0.012363
153.1 0.012433
153.2 0.009837
153.3 0.0082936
153.4 0.010258
153.5 0.014748
153.6 0.013204
153.7 0.0111
153.8 0.014397
153.9 0.014608
154 0.013906
154.1 0.013415
154.2 0.013836
154.3 0.014748
154.4 0.010468
154.5 0.01096
154.6 0.01138
154.7 0.01124
154.8 0.013625
154.9 0.015169
155 0.012433
155.1 0.014187
155.2 0.014678
155.3 0.014608
155.4 0.015029
155.5 0.013064
155.6 0.012924
155.7 0.012292
155.8 0.014397
155.9 0.014608
156 0.016151
156.1 0.013134
156.2 0.012433
156.3 0.015099
156.4 0.015379
156.5 0.015379
156.6 0.016011
156.7 0.013345
156.8 0.0093459
156.9 0.010679
157 0.010188
157.1 0.010819
157.2 0.011591
157.3 0.01124
157.4 0.011591
157.5 0.011661
157.6 0.0076622
157.7 0.0084339
157.8 0.0096967
157.9 0.012924
158 0.013625
158.1 0.011661
158.2 0.010609
158.3 0.012994
158.4 0.014818
158.5 0.014467
158.6 0.013555
158.7 0.01138
158.8 0.010679
158.9 0.01138
159 0.0099072
159.1 0.0093459
159.2 0.011451
159.3 0.014888
159.4 0.016642
159.5 0.01131
159.6 0.0068204
159.7 0.0085742
159.8 0.010889
159.9 0.01103
160 0.010328
160.1 0.01131
160.2 0.011521
160.3 0.011521
160.4 0.011731
160.5 0.013485
160.6 0.013345
160.7 0.013976
160.8 0.01559
160.9 0.015029
161 0.013766
161.1 0.010749
161.2 0.009837
161.3 0.0099072
161.4 0.01138
161.5 0.013345
161.6 0.01103
161.7 0.0085041
161.8 0.0111
161.9 0.01131
162 0.008925
162.1 0.01096
162.2 0.014818
162.3 0.014327
162.4 0.010328
162.5 0.008925
162.6 0.008925
162.7 0.0083638
162.8 0.0091355
162.9 0.0091355
163 0.010047
163.1 0.012713
163.2 0.010468
163.3 0.008013
163.4 0.01138
163.5 0.010679
163.6 0.0096967
163.7 0.010749
163.8 0.012784
163.9 0.01103
164 0.011661
164.1 0.0096266
164.2 0.0073816
164.3 0.0073114
164.4 0.009837
164.5 0.0093459
164.6 0.0093459
164.7 0.0068204
164.8 0.0072413
164.9 0.0062591
165 0.0062591
165.1 0.0099773
165.2 0.0091355
165.3 0.0090653
165.4 0.0094863
165.5 0.007101
165.6 0.0059785
165.7 0.0067502
165.8 0.0056277
165.9 0.0047157
166 0.0068204
166.1 0.0068905
166.2 0.0058382
166.3 0.0054172
166.4 0.0060486
166.5 0.0085041
166.6 0.0040843
166.7 0.0033126
166.8 0.0031723
166.9 0.0021199
167 0.0014184
167.1 0.00064668
167.2 0.00015559
167.3 -0.00061612
167.4 -0.0029312
167.5 -0.00237
167.6 -0.001037
167.7 0.001699
167.8 0.00099746
167.9 0.0022603
168 0.0022603
168.1 0.0027513
168.2 0.0049963
168.3 0.0049262
168.4 0.0033126
168.5 0.0054172
168.6 0.0051366
168.7 0.0024707
168.8 0.0002959
168.9 0.00036606
169 0.00085715
169.1 0.0026812
169.2 0.0028215
169.3 0.0011378
169.4 -0.0003355
169.5 0.00085715
169.6 -0.0015983
169.7 -0.0012475
169.8 -0.0021595
169.9 -0.0018088
170 -0.0027208
170.1 -0.0018789
170.2 0.00015559
170.3 -0.0011774
170.4 -0.0022998
170.5 -0.0016684
170.6 -0.001458
170.7 -0.0012475
170.8 0.0012781
170.9 -0.00096689
171 -0.0018088
171.1 -0.00019518
171.2 -0.001458
171.3 -0.00026534
171.4 -0.00061612
171.5 0.00078699
171.6 -5.4874e-05
171.7 -0.0013177
171.8 -0.00082658
171.9 -0.0015983
172 0.0011378
172.1 -0.0015281
172.2 -0.001037
172.3 0.00071683
172.4 0.0017692
172.5 0.0002959
172.6 -0.0026506
172.7 -0.0031417
172.8 -0.0040537
172.9 -0.0045448
173 -0.0053867
173.1 -0.0038433
173.2 -0.0051061
173.3 -0.0031417
173.4 -0.0037731
173.5 -0.0013177
173.6 -0.00075643
173.7 8.5437e-05
173.8 -0.0016684
173.9 -0.0046851
174 -0.0038433
174.1 -0.0058076
174.2 -0.0044747
174.3 -0.0059479
174.4 -0.0038433
174.5 -0.0015983
174.6 -0.00082658
174.7 -0.0022297
174.8 -0.00082658
174.9 -0.0015281
175 -0.00075643
175.1 0.00064668
175.2 -0.0012475
175.3 -0.0015281
175.4 -0.00054596
175.5 -0.00089674
175.6 -0.0018789
175.7 -0.0015281
175.8 -0.0015983
175.9 -0.0020192
176 -0.0019491
176.1 -0.0048254
176.2 -0.003282
176.3 -0.0038433
176.4 -0.0050359
176.5 -0.003703
176.6 -0.0025805
176.7 -0.0034223
176.8 -0.0035626
176.9 -0.0020192
177 -0.0027208
177.1 -0.0011774
177.2 -0.00054596
177.3 -0.0025103
177.4 -0.0038433
177.5 -0.0033522
177.6 -0.0020192
177.7 -0.0018789
177.8 0.00015559
177.9 -0.00047581
178 -0.0027909
178.1 -0.0032119
178.2 -0.0032119
178.3 -0.005527
178.4 -0.0058778
178.5 -0.0032119
178.6 -0.0068599
178.7 -0.007772
178.8 -0.0078421
178.9 -0.0074913
179 -0.0054568
179.1 -0.00237
179.2 -0.0026506
179.3 -0.0046851
179.4 -0.003282
179.5 -0.00068627
179.6 -0.00061612
179.7 -0.0039836
179.8 -0.0035626
179.9 -0.0024402
180 -0.0039134
180.1 -0.004194
180.2 -0.0067196
180.3 -0.0063689
180.4 -0.0060882
180.5 -0.0054568
180.6 -0.0042642
180.7 -0.005527
180.8 -0.0047553
180.9 -0.0034925
181 0.0022603
181.1 0.0070308
181.2 0.0063293
181.3 0.0023304
181.4 -0.0020192
181.5 -0.0013878
181.6 -0.0027208
181.7 -0.0025805
181.8 -0.0045448
181.9 -0.0048956
182 -0.0048254
182.1 -0.0057375
182.2 -0.0067898
182.3 -0.0053165
182.4 -0.0054568
182.5 -0.0059479
182.6 -0.0047553
182.7 -0.00075643
182.8 -0.0027909
182.9 -0.0033522
183 -0.0040537
183.1 -0.004615
183.2 -0.0040537
183.3 -0.0019491
183.4 -0.0030716
183.5 -0.0058778
183.6 -0.0051061
183.7 -0.0026506
183.8 -0.0013878
183.9 -0.0030014
184 -0.0044045
184.1 -0.0027208
184.2 -0.00237
184.3 -0.0069301
184.4 -0.0082631
184.5 -0.0056673
184.6 -0.0065092
184.7 -0.0055971
184.8 -0.0056673
184.9 -0.0051061
185 -0.0045448
185.1 -0.0049657
185.2 -0.0039836
185.3 -0.0019491
185.4 -0.0030716
185.5 -0.0013177
185.6 -0.0020192
185.7 -0.00237
185.8 -0.0016684
185.9 -0.0035626
186 -0.0037731
186.1 -0.0019491
186.2 -0.0031417
186.3 -0.0060181
186.4 -0.0044747
186.5 -0.0036328
186.6 -0.0035626
186.7 -0.0013177
186.8 -0.00026534
186.9 -0.0020894
187 -0.0025103
187.1 -0.0027909
187.2 -0.0041239
187.3 -0.0051061
187.4 -0.0042642
187.5 -0.0037731
187.6 -0.0060181
187.7 -0.0044747
187.8 -0.0034925
187.9 -0.005527
188 -0.0085437
188.1 -0.0090348
188.2 -0.0068599
188.3 -0.0044747
188.4 -0.0012475
188.5 -0.0042642
188.6 -0.0071406
188.7 -0.0076317
188.8 -0.0053165
188.9 -0.0022297
189 -0.0035626
189.1 -0.0038433
189.2 0.00022575
189.3 -0.00019518
189.4 -0.0031417
189.5 -0.0053165
189.6 -0.0054568
189.7 -0.0057375
189.8 -0.0047553
189.9 -0.0041239
190 -0.0046851
190.1 -0.0052464
190.2 -0.0029312
190.3 -0.0034925
190.4 -0.00026534
190.5 -0.00061612
190.6 -0.00019518
190.7 -0.0011774
190.8 0.0015587
190.9 -0.00047581
191 -0.0017386
191.1 -0.0012475
191.2 -0.00040565
191.3 -0.001037
191.4 -0.0027208
191.5 -0.0018088
191.6 0.00071683
191.7 0.0036634
191.8 0.0020498
191.9 0.001699
192 -0.0012475
192.1 0.0016289
192.2 0.0037335
192.3 0.0034529
192.4 0.0021199
192.5 0.0019796
192.6 0.0032424
192.7 0.001699
192.8 0.0034529
192.9 0.0049963
193 0.0037335
193.1 0.0011378
193.2 0.00050637
193.3 0.00015559
193.4 -0.001037
193.5 0.0010676
193.6 -0.00061612
193.7 -0.00068627
193.8 0.0014885
193.9 0.0018393
194 1.5281e-05
194.1 -0.00026534
194.2 -5.4874e-05
194.3 0.0021199
194.4 0.0018393
194.5 0.0033827
194.6 0.0011378
194.7 0.0019796
194.8 0.00064668
194.9 0.0014885
195 0.0026812
195.1 -0.00082658
195.2 0.00015559
195.3 -0.00026534
195.4 -0.00019518
195.5 -0.00054596
195.6 -0.0040537
195.7 -0.0030716
195.8 0.00043621
195.9 0.00064668
196 -0.0041239
196.1 -0.0021595
196.2 -0.0022297
196.3 -0.0022998
196.4 -0.00096689
196.5 -0.0027909
196.6 -0.0018789
196.7 0.0010676
196.8 0.0021199
196.9 0.0037335
197 0.0042246
197.1 0.00064668
197.2 -0.00019518
197.3 -0.00089674
197.4 -0.00047581
197.5 -0.00012503
197.6 0.0023304
197.7 0.0031723
197.8 0.0027513
197.9 0.0014184
198 0.00064668
198.1 0.00078699
198.2 -0.00075643
198.3 -0.001037
198.4 0.0012079
198.5 0.0015587
198.6 -0.00054596
198.7 -0.0035626
198.8 -0.0020192
198.9 -0.00047581
199 -0.0030014
199.1 -0.00089674
199.2 -0.00040565
199.3 -0.0013177
199.4 -0.0034925
199.5 -0.0025805
199.6 -0.0053867
199.7 -0.004194
199.8 -0.001458
199.9 -0.0013177
200 -0.0013878
200.1 8.5437e-05
