2001 2
0.1 0.089027
0.2 0.089027
0.3 0.21572
0.4 6.251
0.5 0.66868
0.6 -1.72
0.7 -0.97761
0.8 -0.60474
0.9 -0.35875
1 -0.1921
1.1 -0.080391
1.2 -0.0064093
1.3 0.040014
1.4 0.072382
1.5 0.10919
1.6 0.13471
1.7 0.14377
1.8 0.1558
1.9 0.16726
2 0.18391
2.1 0.20592
2.2 0.24199
2.3 0.27583
2.4 0.31689
2.5 0.35647
2.6 0.39642
2.7 0.4275
2.8 0.46597
2.9 0.49278
3 0.53421
3.1 0.55863
3.2 0.58841
3.3 0.62096
3.4 0.65092
3.5 0.6905
3.6 0.71843
3.7 0.73766
3.8 0.76707
3.9 0.79149
4 0.81868
4.1 0.84549
4.2 0.87083
4.3 0.90542
4.4 0.92373
4.5 0.94999
4.6 0.97737
4.7 1.0083
4.8 1.0299
4.9 1.0491
5 1.0676
5.1 1.0961
5.2 1.1144
5.3 1.1325
5.4 1.1647
5.5 1.1958
5.6 1.2143
5.7 1.2481
5.8 1.2744
5.9 1.2959
6 1.324
6.1 1.3586
6.2 1.3824
6.3 1.4094
6.4 1.439
6.5 1.4651
6.6 1.4847
6.7 1.51
6.8 1.5383
6.9 1.5535
7 1.5766
7.1 1.5983
7.2 1.6131
7.3 1.6332
7.4 1.6465
7.5 1.6639
7.6 1.673
7.7 1.6856
7.8 1.7065
7.9 1.725
8 1.7311
8.1 1.7366
8.2 1.7422
8.3 1.7619
8.4 1.7745
8.5 1.7827
8.6 1.7893
8.7 1.7958
8.8 1.8037
8.9 1.8134
9 1.8191
9.1 1.8243
9.2 1.8287
9.3 1.8344
9.4 1.843
9.5 1.8454
9.6 1.8485
9.7 1.8487
9.8 1.8572
9.9 1.8576
10 1.8587
10.1 1.8627
10.2 1.8694
10.3 1.8653
10.4 1.8696
10.5 1.8725
10.6 1.875
10.7 1.8761
10.8 1.8768
10.9 1.8812
11 1.8803
11.1 1.879
11.2 1.8787
11.3 1.8829
11.4 1.8764
11.5 1.8824
11.6 1.8812
11.7 1.879
11.8 1.8759
11.9 1.8787
12 1.879
12.1 1.8844
12.2 1.8751
12.3 1.8707
12.4 1.87
12.5 1.8735
12.6 1.8753
12.7 1.8748
12.8 1.8716
12.9 1.8729
13 1.8703
13.1 1.865
13.2 1.8668
13.3 1.8664
13.4 1.8661
13.5 1.8698
13.6 1.869
13.7 1.8676
13.8 1.8661
13.9 1.8618
14 1.8589
14.1 1.8516
14.2 1.8492
14.3 1.8431
14.4 1.8413
14.5 1.8448
14.6 1.8376
14.7 1.84
14.8 1.837
14.9 1.8317
15 1.8344
15.1 1.8302
15.2 1.8289
15.3 1.8243
15.4 1.8241
15.5 1.8176
15.6 1.8152
15.7 1.8091
15.8 1.8071
15.9 1.806
16 1.8036
16.1 1.7993
16.2 1.7952
16.3 1.7976
16.4 1.7988
16.5 1.7917
16.6 1.7871
16.7 1.7828
16.8 1.7808
16.9 1.7823
17 1.7784
17.1 1.7766
17.2 1.7769
17.3 1.7686
17.4 1.7669
17.5 1.7618
17.6 1.7564
17.7 1.7553
17.8 1.7536
17.9 1.747
18 1.7429
18.1 1.747
18.2 1.7464
18.3 1.7401
18.4 1.7348
18.5 1.7318
18.6 1.7296
18.7 1.7268
18.8 1.7277
18.9 1.7253
19 1.7144
19.1 1.7155
19.2 1.7127
19.3 1.7155
19.4 1.7074
19.5 1.7127
19.6 1.7142
19.7 1.7122
19.8 1.7011
19.9 1.6994
20 1.6948
20.1 1.6978
20.2 1.6952
20.3 1.6968
20.4 1.6965
20.5 1.6883
20.6 1.6863
20.7 1.6893
20.8 1.6835
20.9 1.683
21 1.6758
21.1 1.6698
21.2 1.6684
21.3 1.6689
21.4 1.6676
21.5 1.6674
21.6 1.6689
21.7 1.665
21.8 1.6576
21.9 1.6534
22 1.6506
22.1 1.6499
22.2 1.6451
22.3 1.6399
22.4 1.6356
22.5 1.6347
22.6 1.6369
22.7 1.6299
22.8 1.6267
22.9 1.6243
23 1.6262
23.1 1.6245
23.2 1.6225
23.3 1.6175
23.4 1.6201
23.5 1.6251
23.6 1.6166
23.7 1.609
23.8 1.6086
23.9 1.6055
24 1.5988
24.1 1.5949
24.2 1.5918
24.3 1.5883
24.4 1.5855
24.5 1.5851
24.6 1.5886
24.7 1.5787
24.8 1.579
24.9 1.5766
25 1.5777
25.1 1.5768
25.2 1.5742
25.3 1.5751
25.4 1.5687
25.5 1.5642
25.6 1.5655
25.7 1.5609
25.8 1.564
25.9 1.5605
26 1.5559
26.1 1.5596
26.2 1.5548
26.3 1.5528
26.4 1.5481
26.5 1.5494
26.6 1.5409
26.7 1.5332
26.8 1.537
26.9 1.5333
27 1.5339
27.1 1.5293
27.2 1.5252
27.3 1.5189
27.4 1.5163
27.5 1.5176
27.6 1.5174
27.7 1.5117
27.8 1.5078
27.9 1.51
28 1.5036
28.1 1.5019
28.2 1.4982
28.3 1.4978
28.4 1.4986
28.5 1.4936
28.6 1.4886
28.7 1.4899
28.8 1.488
28.9 1.4734
29 1.474
29.1 1.4736
29.2 1.4708
29.3 1.4708
29.4 1.4607
29.5 1.4664
29.6 1.4719
29.7 1.4653
29.8 1.4619
29.9 1.4577
30 1.4629
30.1 1.4582
30.2 1.4475
30.3 1.4438
30.4 1.4429
30.5 1.4438
30.6 1.4427
30.7 1.4418
30.8 1.4381
30.9 1.4331
31 1.432
31.1 1.4279
31.2 1.4303
31.3 1.4203
31.4 1.4187
31.5 1.4159
31.6 1.4181
31.7 1.4105
31.8 1.4109
31.9 1.4033
32 1.3998
32.1 1.3961
32.2 1.395
32.3 1.392
32.4 1.3854
32.5 1.3783
32.6 1.3765
32.7 1.3767
32.8 1.3735
32.9 1.3682
33 1.3658
33.1 1.3628
33.2 1.3628
33.3 1.3647
33.4 1.3563
33.5 1.3519
33.6 1.3464
33.7 1.3517
33.8 1.3445
33.9 1.3425
34 1.3402
34.1 1.338
34.2 1.3319
34.3 1.331
34.4 1.3271
34.5 1.326
34.6 1.3242
34.7 1.3151
34.8 1.3123
34.9 1.311
35 1.3099
35.1 1.3044
35.2 1.3047
35.3 1.3016
35.4 1.2988
35.5 1.2922
35.6 1.2907
35.7 1.2886
35.8 1.279
35.9 1.275
36 1.2737
36.1 1.2724
36.2 1.2814
36.3 1.2737
36.4 1.2653
36.5 1.2624
36.6 1.2563
36.7 1.2528
36.8 1.2454
36.9 1.2417
37 1.2409
37.1 1.2407
37.2 1.2452
37.3 1.2365
37.4 1.2317
37.5 1.228
37.6 1.2296
37.7 1.2234
37.8 1.215
37.9 1.2136
38 1.2117
38.1 1.2124
38.2 1.2091
38.3 1.1976
38.4 1.1897
38.5 1.1923
38.6 1.1899
38.7 1.1884
38.8 1.1871
38.9 1.1853
39 1.1769
39.1 1.1756
39.2 1.1682
39.3 1.1573
39.4 1.1642
39.5 1.1634
39.6 1.1666
39.7 1.1555
39.8 1.1534
39.9 1.1549
40 1.1433
40.1 1.1374
40.2 1.1374
40.3 1.1374
40.4 1.1335
40.5 1.1333
40.6 1.1316
40.7 1.1207
40.8 1.1222
40.9 1.1213
41 1.1139
41.1 1.1098
41.2 1.1068
41.3 1.1079
41.4 1.1065
41.5 1.1059
41.6 1.1041
41.7 1.0939
41.8 1.0876
41.9 1.0843
42 1.0859
42.1 1.0926
42.2 1.0854
42.3 1.0824
42.4 1.0787
42.5 1.078
42.6 1.0765
42.7 1.0708
42.8 1.0621
42.9 1.0621
43 1.056
43.1 1.0538
43.2 1.046
43.3 1.0445
43.4 1.0401
43.5 1.0369
43.6 1.0366
43.7 1.0366
43.8 1.0369
43.9 1.0323
44 1.0269
44.1 1.0173
44.2 1.0203
44.3 1.0173
44.4 1.0138
44.5 1.0121
44.6 1.0075
44.7 1.0042
44.8 1.011
44.9 1.0036
45 0.99901
45.1 0.99808
45.2 0.99475
45.3 0.98458
45.4 0.9831
45.5 0.98384
45.6 0.98218
45.7 0.96849
45.8 0.96812
45.9 0.97274
46 0.96497
46.1 0.96701
46.2 0.96923
46.3 0.96275
46.4 0.95388
46.5 0.95369
46.6 0.9437
46.7 0.94944
46.8 0.94851
46.9 0.94222
47 0.93908
47.1 0.94278
47.2 0.93686
47.3 0.92946
47.4 0.92077
47.5 0.9228
47.6 0.92262
47.7 0.91356
47.8 0.91652
47.9 0.91282
48 0.91263
48.1 0.90986
48.2 0.90043
48.3 0.89136
48.4 0.89395
48.5 0.89451
48.6 0.89488
48.7 0.88822
48.8 0.88914
48.9 0.88082
49 0.88211
49.1 0.87398
49.2 0.86898
49.3 0.86935
49.4 0.86362
49.5 0.86639
49.6 0.8688
49.7 0.86787
49.8 0.86547
49.9 0.86047
50 0.86325
50.1 0.85752
50.2 0.85234
50.3 0.84771
50.4 0.8466
50.5 0.84494
50.6 0.84734
50.7 0.83532
50.8 0.83939
50.9 0.83181
51 0.8307
51.1 0.82367
51.2 0.82404
51.3 0.81757
51.4 0.81479
51.5 0.82219
51.6 0.81461
51.7 0.81128
51.8 0.80998
51.9 0.80536
52 0.79574
52.1 0.79962
52.2 0.79556
52.3 0.79167
52.4 0.79371
52.5 0.79445
52.6 0.79482
52.7 0.78723
52.8 0.78834
52.9 0.7852
53 0.77762
53.1 0.77521
53.2 0.77688
53.3 0.77059
53.4 0.7704
53.5 0.77133
53.6 0.77003
53.7 0.76448
53.8 0.76282
53.9 0.75339
54 0.7593
54.1 0.74932
54.2 0.75135
54.3 0.74395
54.4 0.74414
54.5 0.74155
54.6 0.7397
54.7 0.73822
54.8 0.73193
54.9 0.7336
55 0.73064
55.1 0.73545
55.2 0.73138
55.3 0.7286
55.4 0.72842
55.5 0.71695
55.6 0.7225
55.7 0.71824
55.8 0.71307
55.9 0.70511
56 0.70937
56.1 0.70567
56.2 0.70844
56.3 0.70567
56.4 0.69642
56.5 0.69549
56.6 0.69254
56.7 0.69198
56.8 0.69531
56.9 0.68939
57 0.68255
57.1 0.6733
57.2 0.67182
57.3 0.66886
57.4 0.67275
57.5 0.66609
57.6 0.66516
57.7 0.66942
57.8 0.66609
57.9 0.66868
58 0.66812
58.1 0.66516
58.2 0.66331
58.3 0.66202
58.4 0.65222
58.5 0.65536
58.6 0.64852
58.7 0.64556
58.8 0.64223
58.9 0.64075
59 0.6376
59.1 0.63853
59.2 0.63002
59.3 0.62817
59.4 0.62429
59.5 0.62244
59.6 0.61744
59.7 0.60838
59.8 0.60672
59.9 0.61153
60 0.60727
60.1 0.60801
60.2 0.60413
60.3 0.60968
60.4 0.60764
60.5 0.60191
60.6 0.59303
60.7 0.59007
60.8 0.59284
60.9 0.59266
61 0.59414
61.1 0.59321
61.2 0.58563
61.3 0.58471
61.4 0.58674
61.5 0.58563
61.6 0.57638
61.7 0.58008
61.8 0.57897
61.9 0.5762
62 0.57712
62.1 0.57176
62.2 0.56492
62.3 0.56529
62.4 0.56584
62.5 0.56399
62.6 0.56751
62.7 0.56177
62.8 0.56603
62.9 0.55992
63 0.55992
63.1 0.55659
63.2 0.55567
63.3 0.55068
63.4 0.54642
63.5 0.54698
63.6 0.54328
63.7 0.53643
63.8 0.54365
63.9 0.53292
64 0.53199
64.1 0.53699
64.2 0.53144
64.3 0.52645
64.4 0.52589
64.5 0.53366
64.6 0.52571
64.7 0.52756
64.8 0.52589
64.9 0.51701
65 0.5135
65.1 0.52404
65.2 0.5233
65.3 0.52312
65.4 0.51997
65.5 0.51609
65.6 0.52127
65.7 0.51664
65.8 0.50906
65.9 0.49981
66 0.50573
66.1 0.49944
66.2 0.49204
66.3 0.48798
66.4 0.49001
66.5 0.48927
66.6 0.48724
66.7 0.4963
66.8 0.49019
66.9 0.48298
67 0.47799
67.1 0.47503
67.2 0.48409
67.3 0.47947
67.4 0.46819
67.5 0.46282
67.6 0.46486
67.7 0.46171
67.8 0.4619
67.9 0.45653
68 0.45875
68.1 0.45431
68.2 0.45505
68.3 0.4545
68.4 0.45376
68.5 0.45006
68.6 0.44876
68.7 0.44322
68.8 0.44525
68.9 0.4495
69 0.44599
69.1 0.44026
69.2 0.44026
69.3 0.44007
69.4 0.436
69.5 0.4299
69.6 0.43434
69.7 0.43637
69.8 0.43933
69.9 0.43119
70 0.4299
70.1 0.43138
70.2 0.43397
70.3 0.42768
70.4 0.43101
70.5 0.4238
70.6 0.42768
70.7 0.41788
70.8 0.41732
70.9 0.42084
71 0.42269
71.1 0.42195
71.2 0.41103
71.3 0.41251
71.4 0.40955
71.5 0.41418
71.6 0.41307
71.7 0.41085
71.8 0.41251
71.9 0.40604
72 0.39883
72.1 0.40382
72.2 0.39716
72.3 0.3979
72.4 0.40049
72.5 0.3979
72.6 0.39346
72.7 0.39124
72.8 0.3857
72.9 0.39531
73 0.39235
73.1 0.38939
73.2 0.38754
73.3 0.38459
73.4 0.38662
73.5 0.39069
73.6 0.38976
73.7 0.38089
73.8 0.37201
73.9 0.37719
74 0.37978
74.1 0.37423
74.2 0.37423
74.3 0.37589
74.4 0.37053
74.5 0.37016
74.6 0.37312
74.7 0.36554
74.8 0.36165
74.9 0.36073
75 0.36073
75.1 0.3574
75.2 0.3598
75.3 0.36313
75.4 0.35518
75.5 0.35
75.6 0.34593
75.7 0.34778
75.8 0.3487
75.9 0.3426
76 0.3439
76.1 0.34223
76.2 0.3389
76.3 0.34149
76.4 0.34168
76.5 0.33594
76.6 0.32984
76.7 0.33243
76.8 0.33113
76.9 0.3365
77 0.34038
77.1 0.33261
77.2 0.32725
77.3 0.32577
77.4 0.32558
77.5 0.32873
77.6 0.32854
77.7 0.32226
77.8 0.32133
77.9 0.32947
78 0.32743
78.1 0.3254
78.2 0.32355
78.3 0.32743
78.4 0.32133
78.5 0.31671
78.6 0.31264
78.7 0.3082
78.8 0.30616
78.9 0.31042
79 0.3082
79.1 0.30986
79.2 0.30912
79.3 0.30875
79.4 0.30542
79.5 0.29877
79.6 0.30579
79.7 0.30025
79.8 0.30025
79.9 0.30432
80 0.30505
80.1 0.29988
80.2 0.29359
80.3 0.28674
80.4 0.29137
80.5 0.28379
80.6 0.29155
80.7 0.29377
80.8 0.28379
80.9 0.28563
81 0.28526
81.1 0.286
81.2 0.28471
81.3 0.28194
81.4 0.27879
81.5 0.28637
81.6 0.28379
81.7 0.27768
81.8 0.28841
81.9 0.28767
82 0.28526
82.1 0.28268
82.2 0.27287
82.3 0.27047
82.4 0.26584
82.5 0.27639
82.6 0.26455
82.7 0.2664
82.8 0.26936
82.9 0.26917
83 0.26363
83.1 0.26363
83.2 0.26418
83.3 0.26307
83.4 0.259
83.5 0.25993
83.6 0.25882
83.7 0.26381
83.8 0.26917
83.9 0.26326
84 0.25845
84.1 0.26252
84.2 0.25808
84.3 0.25271
84.4 0.25586
84.5 0.25974
84.6 0.25364
84.7 0.25179
84.8 0.25345
84.9 0.25475
85 0.25419
85.1 0.25512
85.2 0.25863
85.3 0.25308
85.4 0.2553
85.5 0.25919
85.6 0.25438
85.7 0.25308
85.8 0.24938
85.9 0.24605
86 0.24143
86.1 0.24439
86.2 0.25216
86.3 0.24716
86.4 0.24772
86.5 0.25049
86.6 0.24679
86.7 0.24698
86.8 0.2442
86.9 0.24291
87 0.23866
87.1 0.25086
87.2 0.25567
87.3 0.24901
87.4 0.24735
87.5 0.24291
87.6 0.24217
87.7 0.24088
87.8 0.24365
87.9 0.24069
88 0.24106
88.1 0.23866
88.2 0.23699
88.3 0.24291
88.4 0.24309
88.5 0.23681
88.6 0.24069
88.7 0.23792
88.8 0.23607
88.9 0.23847
89 0.23126
89.1 0.22959
89.2 0.23107
89.3 0.22737
89.4 0.2222
89.5 0.2246
89.6 0.22293
89.7 0.22515
89.8 0.22756
89.9 0.22072
90 0.22571
90.1 0.22645
90.2 0.22016
90.3 0.21979
90.4 0.21776
90.5 0.22571
90.6 0.21517
90.7 0.21517
90.8 0.21202
90.9 0.21147
91 0.21091
91.1 0.21535
91.2 0.20814
91.3 0.21128
91.4 0.21147
91.5 0.20462
91.6 0.20518
91.7 0.20592
91.8 0.20277
91.9 0.19889
92 0.19815
92.1 0.20056
92.2 0.19723
92.3 0.19371
92.4 0.1889
92.5 0.1926
92.6 0.18779
92.7 0.19464
92.8 0.18964
92.9 0.18909
93 0.19075
93.1 0.19149
93.2 0.18354
93.3 0.1828
93.4 0.18224
93.5 0.18077
93.6 0.17429
93.7 0.1767
93.8 0.17929
93.9 0.16948
94 0.16782
94.1 0.16967
94.2 0.17707
94.3 0.1717
94.4 0.17485
94.5 0.18003
94.6 0.17577
94.7 0.16985
94.8 0.17614
94.9 0.17596
95 0.17411
95.1 0.16486
95.2 0.16893
95.3 0.16652
95.4 0.16763
95.5 0.16819
95.6 0.16523
95.7 0.16338
95.8 0.16449
95.9 0.16042
96 0.16153
96.1 0.15857
96.2 0.16486
96.3 0.16245
96.4 0.16171
96.5 0.15857
96.6 0.1558
96.7 0.15709
96.8 0.16116
96.9 0.15746
97 0.1545
97.1 0.15228
97.2 0.15302
97.3 0.16061
97.4 0.15672
97.5 0.15432
97.6 0.15857
97.7 0.14803
97.8 0.14988
97.9 0.15247
98 0.14729
98.1 0.15728
98.2 0.15154
98.3 0.15376
98.4 0.15413
98.5 0.15099
98.6 0.1545
98.7 0.14636
98.8 0.14655
98.9 0.14951
99 0.14766
99.1 0.14969
99.2 0.14303
99.3 0.14673
99.4 0.14655
99.5 0.14747
99.6 0.15228
99.7 0.14821
99.8 0.1508
99.9 0.14525
100 0.15228
100.1 0.15154
100.2 0.14969
100.3 0.14988
100.4 0.14562
100.5 0.14544
100.6 0.14359
100.7 0.13952
100.8 0.14081
100.9 0.13749
101 0.1336
101.1 0.14081
101.2 0.13582
101.3 0.13675
101.4 0.14377
101.5 0.13101
101.6 0.1336
101.7 0.13305
101.8 0.13101
101.9 0.12491
102 0.12842
102.1 0.12953
102.2 0.13397
102.3 0.13545
102.4 0.13157
102.5 0.12602
102.6 0.13212
102.7 0.13471
102.8 0.13268
102.9 0.13767
103 0.13268
103.1 0.12953
103.2 0.12657
103.3 0.13231
103.4 0.12898
103.5 0.1299
103.6 0.13416
103.7 0.13083
103.8 0.13046
103.9 0.13064
104 0.12916
104.1 0.12879
104.2 0.13305
104.3 0.13453
104.4 0.13083
104.5 0.12768
104.6 0.12657
104.7 0.12842
104.8 0.12898
104.9 0.12935
105 0.12657
105.1 0.12398
105.2 0.11973
105.3 0.1275
105.4 0.12306
105.5 0.12158
105.6 0.11844
105.7 0.12232
105.8 0.12398
105.9 0.12565
106 0.11844
106.1 0.1164
106.2 0.11751
106.3 0.1177
106.4 0.11733
106.5 0.12139
106.6 0.11696
106.7 0.12084
106.8 0.12139
106.9 0.11973
107 0.12065
107.1 0.11381
107.2 0.1066
107.3 0.11659
107.4 0.11048
107.5 0.10715
107.6 0.11474
107.7 0.10845
107.8 0.11437
107.9 0.11603
108 0.11122
108.1 0.11326
108.2 0.10678
108.3 0.11011
108.4 0.10475
108.5 0.10604
108.6 0.10475
108.7 0.10419
108.8 0.10197
108.9 0.10327
109 0.10364
109.1 0.10715
109.2 0.10438
109.3 0.091432
109.4 0.096241
109.5 0.095871
109.6 0.097165
109.7 0.094391
109.8 0.093281
109.9 0.097165
110 0.09846
110.1 0.087178
110.2 0.092172
110.3 0.094761
110.4 0.090322
110.5 0.090137
110.6 0.085698
110.7 0.086993
110.8 0.085513
110.9 0.086253
111 0.092542
111.1 0.091617
111.2 0.091987
111.3 0.088288
111.4 0.089952
111.5 0.090137
111.6 0.084773
111.7 0.084219
111.8 0.082369
111.9 0.082184
112 0.076081
112.1 0.085883
112.2 0.07978
112.3 0.082369
112.4 0.080704
112.5 0.088658
112.6 0.088843
112.7 0.086068
112.8 0.088103
112.9 0.081999
113 0.081814
113.1 0.083849
113.2 0.071087
113.3 0.068867
113.4 0.068497
113.5 0.066833
113.6 0.070902
113.7 0.068497
113.8 0.069237
113.9 0.072936
114 0.070162
114.1 0.068128
114.2 0.064983
114.3 0.062024
114.4 0.066278
114.5 0.067758
114.6 0.060359
114.7 0.065908
114.8 0.070532
114.9 0.068312
115 0.063319
115.1 0.064983
115.2 0.064243
115.3 0.061099
115.4 0.059435
115.5 0.056845
115.6 0.062764
115.7 0.064059
115.8 0.067758
115.9 0.064059
116 0.068128
116.1 0.060729
116.2 0.062764
116.3 0.063689
116.4 0.066093
116.5 0.060729
116.6 0.064798
116.7 0.062764
116.8 0.062394
116.9 0.065723
117 0.062949
117.1 0.066463
117.2 0.05814
117.3 0.065353
117.4 0.071087
117.5 0.064243
117.6 0.065353
117.7 0.064428
117.8 0.065168
117.9 0.061654
118 0.060914
118.1 0.067018
118.2 0.061469
118.3 0.067203
118.4 0.066093
118.5 0.057585
118.6 0.064059
118.7 0.061099
118.8 0.061284
118.9 0.066093
119 0.065908
119.1 0.067388
119.2 0.067388
119.3 0.067573
119.4 0.069607
119.5 0.066278
119.6 0.070902
119.7 0.066833
119.8 0.062579
119.9 0.063504
120 0.063134
120.1 0.061099
120.2 0.05962
120.3 0.058695
120.4 0.057215
120.5 0.05814
120.6 0.0574
120.7 0.057215
120.8 0.050187
120.9 0.058325
121 0.053146
121.1 0.054996
121.2 0.0574
121.3 0.050927
121.4 0.053516
121.5 0.051851
121.6 0.053701
121.7 0.049077
121.8 0.055181
121.9 0.054256
122 0.052961
122.1 0.054071
122.2 0.050187
122.3 0.052221
122.4 0.054256
122.5 0.053146
122.6 0.043898
122.7 0.050557
122.8 0.050372
122.9 0.047782
123 0.046673
123.1 0.047043
123.2 0.042234
123.3 0.045748
123.4 0.050742
123.5 0.050002
123.6 0.040014
123.7 0.03687
123.8 0.041309
123.9 0.042789
124 0.03872
124.1 0.040199
124.2 0.048337
124.3 0.050557
124.4 0.046673
124.5 0.048892
124.6 0.046488
124.7 0.043344
124.8 0.03761
124.9 0.039829
125 0.03835
125.1 0.037795
125.2 0.044823
125.3 0.044823
125.4 0.037795
125.5 0.035206
125.6 0.040199
125.7 0.035391
125.8 0.027437
125.9 0.038905
126 0.037055
126.1 0.034836
126.2 0.03576
126.3 0.030397
126.4 0.027622
126.5 0.032616
126.6 0.035021
126.7 0.03687
126.8 0.029472
126.9 0.033356
127 0.029842
127.1 0.030952
127.2 0.035575
127.3 0.025033
127.4 0.021889
127.5 0.033356
127.6 0.029102
127.7 0.021889
127.8 0.020594
127.9 0.025588
128 0.031137
128.1 0.028732
128.2 0.030397
128.3 0.025033
128.4 0.028177
128.5 0.029472
128.6 0.025403
128.7 0.026143
128.8 0.026698
128.9 0.023368
129 0.023923
129.1 0.020039
129.2 0.020224
129.3 0.025403
129.4 0.023738
129.5 0.017265
129.6 0.019114
129.7 0.025958
129.8 0.023553
129.9 0.022444
130 0.011901
130.1 0.01671
130.2 0.021149
130.3 0.0156
130.4 0.019484
130.5 0.018375
130.6 0.01819
130.7 0.014121
130.8 0.01819
130.9 0.016525
131 0.017635
131.1 0.0098667
131.2 0.013011
131.3 0.0072773
131.4 0.0083871
131.5 0.0061676
131.6 0.010422
131.7 0.010422
131.8 0.0037632
131.9 0.01523
132 0.016155
132.1 0.0069074
132.2 0.0048729
132.3 0.0054278
132.4 0.0039481
132.5 0.00061896
132.6 -0.00012086
132.7 0.0074623
132.8 -0.00086068
132.9 0.0022836
133 0.0030234
133.1 -0.0030801
133.2 -0.0049297
133.3 -0.0014155
133.4 0.00098887
133.5 0.0059827
133.6 0.0063526
133.7 0.0069074
133.8 0.00061896
133.9 0.0026535
134 0.0026535
134.1 0.0017287
134.2 0.0026535
134.3 0.0030234
134.4 0.0020986
134.5 6.4093e-05
134.6 -0.00049077
134.7 0.0024685
134.8 0.0065375
134.9 -0.0010456
135 -0.0030801
135.1 -0.0032651
135.2 0.0013588
135.3 -0.00067573
135.4 0.0041331
135.5 0.004688
135.6 0.0059827
135.7 0.0067225
135.8 0.0043181
135.9 0.0024685
136 0.0033933
136.1 0.0043181
136.2 -0.0025253
136.3 0.00098887
136.4 -0.0028952
136.5 -0.0045598
136.6 -0.0054846
136.7 -0.0082589
136.8 -0.0071492
136.9 0.0019136
137 0.0026535
137.1 0.0030234
137.2 0.0011738
137.3 0.0011738
137.4 0.00061896
137.5 0.00098887
137.6 0.0043181
137.7 0.0063526
137.8 6.4093e-05
137.9 0.0028384
138 -0.0051146
138.1 -0.0012306
138.2 -0.0027102
138.3 0.000434
138.4 0.0037632
138.5 0.004688
138.6 -0.0019704
138.7 -0.0030801
138.8 -0.0016005
138.9 0.0017287
139 0.00061896
139.1 -0.00067573
139.2 -0.011588
139.3 -0.0060394
139.4 -0.010478
139.5 -0.013992
139.6 -0.010478
139.7 -0.016397
139.8 -0.0093686
139.9 -0.014362
140 -0.015287
140.1 -0.017507
140.2 -0.014177
140.3 -0.014547
140.4 -0.0099235
140.5 -0.0091837
140.6 -0.018246
140.7 -0.013438
140.8 -0.016397
140.9 -0.0047447
141 -0.014177
141.1 -0.019171
141.2 -0.013253
141.3 -0.0091837
141.4 -0.0080739
141.5 -0.0021554
141.6 0.0017287
141.7 -0.0027102
141.8 -0.0021554
141.9 -0.0086288
142 -0.016397
142.1 -0.013253
142.2 -0.011588
142.3 -0.011773
142.4 -0.017322
142.5 -0.011403
142.6 -0.015287
142.7 -0.016027
142.8 -0.020096
142.9 -0.011218
143 -0.015287
143.1 -0.02324
143.2 -0.017507
143.3 -0.012513
143.4 -0.015842
143.5 -0.017877
143.6 -0.014547
143.7 -0.016767
143.8 -0.021761
143.9 -0.018986
144 -0.014732
144.1 -0.016027
144.2 -0.013438
144.3 -0.017877
144.4 -0.018616
144.5 -0.017322
144.6 -0.017877
144.7 -0.015102
144.8 -0.021021
144.9 -0.016767
145 -0.010478
145.1 -0.014917
145.2 -0.010478
145.3 -0.0069642
145.4 -0.0060394
145.5 -0.013623
145.6 -0.007704
145.7 -0.0086288
145.8 -0.0062244
145.9 -0.010848
146 -0.0056695
146.1 -0.0060394
146.2 -0.0060394
146.3 -0.0097385
146.4 -0.017322
146.5 -0.011218
146.6 -0.012883
146.7 -0.013438
146.8 -0.014362
146.9 -0.0065943
147 -0.0095536
147.1 -0.0080739
147.2 -0.0064093
147.3 -0.0040049
147.4 -0.0021554
147.5 -0.0075191
147.6 -0.0093686
147.7 -0.0064093
147.8 -0.0045598
147.9 -0.0032651
148 -0.0028952
148.1 -0.0071492
148.2 -0.0054846
148.3 -0.0032651
148.4 -0.0089987
148.5 -0.003635
148.6 -0.0014155
148.7 -0.0032651
148.8 -0.0047447
148.9 6.4093e-05
149 0.00080391
149.1 -0.0049297
149.2 -0.00049077
149.3 -0.0019704
149.4 -0.0069642
149.5 -0.0067792
149.6 -0.0058545
149.7 -0.0032651
149.8 -0.0052996
149.9 -0.0041899
150 -0.0019704
150.1 6.4093e-05
150.2 -0.0028952
150.3 -0.0056695
150.4 -0.0093686
150.5 -0.010293
150.6 -0.0099235
150.7 -0.019911
150.8 -0.013438
150.9 -0.012143
151 -0.017692
151.1 -0.017877
151.2 -0.013438
151.3 -0.014732
151.4 -0.017692
151.5 -0.0086288
151.6 -0.017322
151.7 -0.019726
151.8 -0.016212
151.9 -0.011958
152 -0.010108
152.1 -0.010663
152.2 -0.011033
152.3 -0.010108
152.4 -0.010663
152.5 -0.0095536
152.6 -0.012698
152.7 -0.0099235
152.8 -0.011218
152.9 -0.011218
153 -0.011218
153.1 -0.0093686
153.2 -0.013438
153.3 -0.014362
153.4 -0.013623
153.5 -0.011403
153.6 -0.016397
153.7 -0.014917
153.8 -0.017322
153.9 -0.012143
154 -0.0071492
154.1 -0.0095536
154.2 -0.010293
154.3 -0.015102
154.4 -0.012513
154.5 -0.015102
154.6 -0.018616
154.7 -0.012698
154.8 -0.012328
154.9 -0.0091837
155 -0.0073341
155.1 -0.0051146
155.2 -0.00049077
155.3 -0.0067792
155.4 -0.0073341
155.5 -0.007889
155.6 -0.0040049
155.7 -0.0032651
155.8 0.0019136
155.9 -0.0023403
156 -0.0045598
156.1 0.00024905
156.2 -0.0019704
156.3 -0.0099235
156.4 -0.011033
156.5 -0.013623
156.6 -0.013438
156.7 -0.016027
156.8 -0.019356
156.9 -0.020096
157 -0.021021
157.1 -0.022315
157.2 -0.015842
157.3 -0.015472
157.4 -0.016952
157.5 -0.015102
157.6 -0.018246
157.7 -0.017137
157.8 -0.015287
157.9 -0.016767
158 -0.014177
158.1 -0.012513
158.2 -0.014547
158.3 -0.018246
158.4 -0.013438
158.5 -0.015657
158.6 -0.015472
158.7 -0.02361
158.8 -0.021391
158.9 -0.020466
159 -0.014177
159.1 -0.012513
159.2 -0.019911
159.3 -0.02472
159.4 -0.018986
159.5 -0.02435
159.6 -0.024165
159.7 -0.02398
159.8 -0.02509
159.9 -0.026384
160 -0.023425
160.1 -0.021021
160.2 -0.023425
160.3 -0.026384
160.4 -0.028049
160.5 -0.02472
160.6 -0.023055
160.7 -0.02398
160.8 -0.025275
160.9 -0.02398
161 -0.018986
161.1 -0.022685
161.2 -0.026015
161.3 -0.021761
161.4 -0.026939
161.5 -0.030823
161.6 -0.029714
161.7 -0.029344
161.8 -0.0225
161.9 -0.025645
162 -0.019171
162.1 -0.0225
162.2 -0.02361
162.3 -0.021946
162.4 -0.02398
162.5 -0.021391
162.6 -0.017322
162.7 -0.024165
162.8 -0.020466
162.9 -0.028789
163 -0.032118
163.1 -0.023425
163.2 -0.028049
163.3 -0.027679
163.4 -0.02472
163.5 -0.023795
163.6 -0.02287
163.7 -0.02287
163.8 -0.02287
163.9 -0.02583
164 -0.031193
164.1 -0.035447
164.2 -0.030269
164.3 -0.028234
164.4 -0.026384
164.5 -0.028049
164.6 -0.026015
164.7 -0.030084
164.8 -0.028234
164.9 -0.026754
165 -0.027309
165.1 -0.026754
165.2 -0.02583
165.3 -0.018431
165.4 -0.021761
165.5 -0.021761
165.6 -0.024535
165.7 -0.028419
165.8 -0.026015
165.9 -0.028789
166 -0.031378
166.1 -0.028974
166.2 -0.024535
166.3 -0.028234
166.4 -0.020466
166.5 -0.023795
166.6 -0.026384
166.7 -0.024535
166.8 -0.025275
166.9 -0.035817
167 -0.028789
167.1 -0.029899
167.2 -0.029899
167.3 -0.021021
167.4 -0.020096
167.5 -0.020096
167.6 -0.02287
167.7 -0.02435
167.8 -0.027494
167.9 -0.027679
168 -0.028234
168.1 -0.02324
168.2 -0.025275
168.3 -0.026939
168.4 -0.016582
168.5 -0.015657
168.6 -0.012513
168.7 -0.020836
168.8 -0.013623
168.9 -0.019171
169 -0.014732
169.1 -0.018616
169.2 -0.018061
169.3 -0.023425
169.4 -0.027124
169.5 -0.025645
169.6 -0.018246
169.7 -0.029529
169.8 -0.023425
169.9 -0.025275
170 -0.024535
170.1 -0.019356
170.2 -0.027679
170.3 -0.024905
170.4 -0.023055
170.5 -0.019726
170.6 -0.020281
170.7 -0.016397
170.8 -0.021021
170.9 -0.018246
171 -0.017692
171.1 -0.017137
171.2 -0.014917
171.3 -0.018246
171.4 -0.023425
171.5 -0.02324
171.6 -0.02546
171.7 -0.019356
171.8 -0.019911
171.9 -0.019171
172 -0.017877
172.1 -0.016767
172.2 -0.021206
172.3 -0.017137
172.4 -0.014917
172.5 -0.019911
172.6 -0.013992
172.7 -0.010848
172.8 -0.018061
172.9 -0.014177
173 -0.012883
173.1 -0.012328
173.2 -0.013438
173.3 -0.016952
173.4 -0.017137
173.5 -0.018246
173.6 -0.020651
173.7 -0.017322
173.8 -0.021391
173.9 -0.019911
174 -0.016027
174.1 -0.014732
174.2 -0.020651
174.3 -0.018061
174.4 -0.016027
174.5 -0.021576
174.6 -0.020651
174.7 -0.025275
174.8 -0.021946
174.9 -0.02472
175 -0.033598
175.1 -0.028604
175.2 -0.02472
175.3 -0.021761
175.4 -0.02287
175.5 -0.025645
175.6 -0.02361
175.7 -0.020836
175.8 -0.023425
175.9 -0.018246
176 -0.023795
176.1 -0.029899
176.2 -0.031748
176.3 -0.029529
176.4 -0.026754
176.5 -0.021576
176.6 -0.021576
176.7 -0.020651
176.8 -0.023795
176.9 -0.019726
177 -0.022315
177.1 -0.021391
177.2 -0.018246
177.3 -0.027124
177.4 -0.028234
177.5 -0.020281
177.6 -0.02546
177.7 -0.026015
177.8 -0.025275
177.9 -0.028604
178 -0.031748
178.1 -0.032488
178.2 -0.024905
178.3 -0.032673
178.4 -0.036002
178.5 -0.030084
178.6 -0.02509
178.7 -0.029159
178.8 -0.038592
178.9 -0.035262
179 -0.034892
179.1 -0.034153
179.2 -0.029159
179.3 -0.023795
179.4 -0.027124
179.5 -0.027864
179.6 -0.02361
179.7 -0.032303
179.8 -0.036742
179.9 -0.038222
180 -0.035447
180.1 -0.033413
180.2 -0.037297
180.3 -0.035077
180.4 -0.034153
180.5 -0.037482
180.6 -0.039701
180.7 -0.039331
180.8 -0.034338
180.9 -0.033783
181 -0.038037
181.1 -0.039701
181.2 -0.033043
181.3 -0.038592
181.4 -0.040441
181.5 -0.034338
181.6 -0.036372
181.7 -0.031193
181.8 -0.02472
181.9 -0.036372
182 -0.035262
182.1 -0.031378
182.2 -0.030638
182.3 -0.031933
182.4 -0.031378
182.5 -0.030453
182.6 -0.035077
182.7 -0.032673
182.8 -0.029899
182.9 -0.030638
183 -0.034522
183.1 -0.028234
183.2 -0.027679
183.3 -0.028974
183.4 -0.026384
183.5 -0.028049
183.6 -0.027864
183.7 -0.030453
183.8 -0.027494
183.9 -0.024535
184 -0.023795
184.1 -0.02509
184.2 -0.021946
184.3 -0.020466
184.4 -0.024905
184.5 -0.016952
184.6 -0.012883
184.7 -0.021946
184.8 -0.023055
184.9 -0.013068
185 -0.0091837
185.1 -0.015287
185.2 -0.021206
185.3 -0.014732
185.4 -0.012328
185.5 -0.014917
185.6 -0.016212
185.7 -0.017507
185.8 -0.014917
185.9 -0.018986
186 -0.023055
186.1 -0.021761
186.2 -0.017877
186.3 -0.016212
186.4 -0.016767
186.5 -0.012883
186.6 -0.014732
186.7 -0.014547
186.8 -0.015472
186.9 -0.017137
187 -0.021761
187.1 -0.012698
187.2 -0.014732
187.3 -0.013623
187.4 -0.013068
187.5 -0.018061
187.6 -0.013068
187.7 -0.017877
187.8 -0.018616
187.9 -0.012513
188 -0.0097385
188.1 -0.0060394
188.2 -0.0064093
188.3 -0.0086288
188.4 -0.0023403
188.5 -0.0052996
188.6 -0.011773
188.7 -0.0080739
188.8 -0.0062244
188.9 -0.0065943
189 -0.0067792
189.1 0.00024905
189.2 -0.003635
189.3 -0.0019704
189.4 -0.0052996
189.5 -0.0023403
189.6 0.000434
189.7 -0.00382
189.8 0.0017287
189.9 0.0048729
190 -0.00012086
190.1 -0.0032651
190.2 -0.00382
190.3 -0.0030801
190.4 -0.0049297
190.5 -0.0016005
190.6 -0.0010456
190.7 -0.0089987
190.8 -0.0084438
190.9 -0.0034501
191 -0.0051146
191.1 -0.0012306
191.2 0.0030234
191.3 0.0052428
191.4 0.00098887
191.5 0.0017287
191.6 -0.00030582
191.7 0.0011738
191.8 -0.0025253
191.9 -0.0028952
192 -0.0056695
192.1 -0.00012086
192.2 0.0039481
192.3 -0.0030801
192.4 -0.0060394
192.5 -0.0012306
192.6 -0.0012306
192.7 -0.0025253
192.8 -0.0025253
192.9 -0.003635
193 -0.014732
193.1 -0.0088137
193.2 -0.0084438
193.3 -0.0017855
193.4 -0.003635
193.5 -0.0010456
193.6 0.0039481
193.7 0.00080391
193.8 -0.0019704
193.9 0.00080391
194 0.0030234
194.1 0.00080391
194.2 -0.0073341
194.3 -0.0030801
194.4 0.0072773
194.5 -0.0027102
194.6 -0.0047447
194.7 -0.0010456
194.8 0.0069074
194.9 0.008572
195 -0.0017855
195.1 0.0019136
195.2 0.0017287
195.3 0.004688
195.4 0.0019136
195.5 0.0089419
195.6 0.0035782
195.7 0.0043181
195.8 0.0011738
195.9 0.0035782
196 -0.0012306
196.1 -0.00067573
196.2 0.0091269
196.3 0.0037632
196.4 -0.00012086
196.5 0.0028384
196.6 0.004688
196.7 0.0022836
196.8 0.0094968
196.9 0.0028384
197 0.00024905
197.1 0.00024905
197.2 0.00024905
197.3 0.00061896
197.4 -0.00012086
197.5 0.00098887
197.6 0.0015437
197.7 0.00080391
197.8 -0.00086068
197.9 0.0011738
198 -0.0021554
198.1 0.000434
198.2 -0.0040049
198.3 0.0022836
198.4 0.004503
198.5 0.0011738
198.6 0.0054278
198.7 0.0082021
198.8 0.0065375
198.9 -0.0073341
199 -0.0080739
199.1 -0.0047447
199.2 -0.00012086
199.3 0.0013588
199.4 -0.0034501
199.5 0.0057977
199.6 0.0015437
199.7 -0.00030582
199.8 0.0043181
199.9 0.0017287
200 0.0052428
200.1 0.0015437
