NUMBER_OF_SYNAPSES	APC_N	MAX_VOLTAGE	
142	0.0	-70.3780700324	
142	0.0	-71.6086736021	
142	0.0	-71.24680944	
142	0.0	-70.5969210951	
142	0.0	-71.1552253271	
142	0.0	-72.4270898655	
142	0.0	-72.7078860075	
142	0.0	-71.051205964	
142	0.0	-70.5660405125	
142	0.0	-71.1305434027	
142	0.0	-71.4428551266	
142	0.0	-71.4383192839	
142	0.0	-72.9277026593	
142	0.0	-68.9884861019	
142	0.0	-71.4086148936	
142	0.0	-69.493316143	
142	0.0	-70.6842175124	
142	0.0	-71.6386788749	
142	0.0	-71.5663320108	
142	0.0	-71.0418083095	
142	0.0	-71.0941992676	
142	0.0	-72.0533876895	
142	0.0	-69.4995047102	
142	0.0	-70.9999699194	
142	0.0	-69.6708171722	
142	0.0	-71.39336532	
142	0.0	-70.0019268169	
142	0.0	-71.9053357365	
142	0.0	-71.0042454435	
142	0.0	-69.5743489444	
142	0.0	-68.4890109344	
142	0.0	-70.410074868	
142	0.0	-69.943665514	
142	0.0	-71.8324836708	
142	0.0	-71.3948876173	
142	0.0	-71.688816685	
142	0.0	-70.7775783329	
142	0.0	-70.1265103739	
142	0.0	-70.8305614677	
142	0.0	-72.4358072237	
142	0.0	-69.5392461656	
142	0.0	-71.0027231745	
142	0.0	-70.0724855	
142	0.0	-70.027398338	
142	0.0	-71.1757338661	
142	0.0	-70.9082513893	
142	0.0	-70.6140582983	
142	0.0	-70.457073378	
142	0.0	-70.7512434983	
142	0.0	-72.2090497455	
142	0.0	-70.6300025709	
142	0.0	-69.9923361038	
142	0.0	-71.2560607742	
142	0.0	-70.8536103856	
142	0.0	-72.3495301362	
142	0.0	-72.7452932755	
142	0.0	-70.149361376	
142	0.0	-70.9631022063	
142	0.0	-71.3879586162	
142	0.0	-70.9370906355	
142	0.0	-70.9670906337	
142	0.0	-70.7309619033	
142	0.0	-71.4229807877	
142	0.0	-71.5163275847	
142	0.0	-71.3531407295	
142	0.0	-69.6272799234	
142	0.0	-69.9685229162	
142	0.0	-71.4667584336	
142	0.0	-69.9255036513	
142	0.0	-70.1429087404	
142	0.0	-71.0872323045	
142	0.0	-70.8575189539	
142	0.0	-71.6059399845	
142	0.0	-70.3707839733	
142	0.0	-71.5768697378	
142	0.0	-71.5255596617	
142	0.0	-71.1873436287	
142	0.0	-69.410362372	
142	0.0	-70.9369805308	
142	0.0	-71.7681293275	
142	0.0	-71.0569991274	
142	0.0	-70.911064145	
142	0.0	-71.4044470325	
142	0.0	-69.7649603995	
142	0.0	-69.7039222478	
142	0.0	-70.3887119699	
142	0.0	-71.4424835442	
142	0.0	-71.376057755	
142	0.0	-71.4874922175	
142	0.0	-71.7321161112	
142	0.0	-71.1982455824	
142	0.0	-71.3519924843	
142	0.0	-70.7738198409	
142	0.0	-71.4604113203	
142	0.0	-71.384428719	
142	0.0	-70.8000654479	
142	0.0	-71.084815949	
142	0.0	-69.8464072569	
142	0.0	-71.3504509921	
142	0.0	-71.3939234626	
142	0.0	-71.3964983617	
142	0.0	-70.1017625726	
142	0.0	-70.0210067804	
142	0.0	-71.1601980916	
142	0.0	-70.1705338676	
142	0.0	-71.2972089559	
142	0.0	-70.8213383	
142	0.0	-70.955965146	
142	0.0	-71.876527349	
142	0.0	-70.6983337231	
142	0.0	-71.137167391	
142	0.0	-70.0024111447	
142	0.0	-70.1784155734	
142	0.0	-72.0670788698	
142	0.0	-71.4343500442	
142	0.0	-71.9631765736	
142	0.0	-72.8610119218	
142	0.0	-72.2929791434	
142	0.0	-71.69781662	
142	0.0	-70.863796484	
142	0.0	-69.5005562834	
142	0.0	-71.1289031729	
142	0.0	-71.8963164685	
142	0.0	-70.7091318509	
142	0.0	-70.2057457874	
142	0.0	-71.3843781332	
142	0.0	-71.4055923029	
142	0.0	-71.1305860984	
142	0.0	-70.7337876662	
142	0.0	-69.2049443984	
142	0.0	-70.2929979342	
142	0.0	-70.5680402819	
142	0.0	-71.5218801828	
142	0.0	-71.9945918119	
142	0.0	-71.3482129118	
142	0.0	-71.0569408572	
142	0.0	-70.6963008884	
142	0.0	-71.9839008397	
142	0.0	-71.8660101624	
142	0.0	-70.7486518787	
142	0.0	-70.7158113189	
142	0.0	-70.6336748257	
142	0.0	-71.2627703972	
142	0.0	-71.5103217532	
142	0.0	-70.9780361297	
142	0.0	-70.8686321773	
142	0.0	-71.4465184679	
142	0.0	-71.4447898497	
142	0.0	-71.5181243041	
142	0.0	-70.1543654068	
142	0.0	-71.4266236241	
142	0.0	-71.9200106874	
142	0.0	-68.7196442181	
142	0.0	-71.5251043124	
142	0.0	-70.8471369296	
142	0.0	-70.9893561108	
142	0.0	-70.5908624633	
142	0.0	-70.5542739327	
142	0.0	-72.0791121405	
142	0.0	-70.7806161788	
142	0.0	-69.2696577366	
142	0.0	-70.5779095314	
142	0.0	-71.5828139244	
142	0.0	-71.7815629635	
142	0.0	-70.6904363289	
142	0.0	-70.4929379758	
142	0.0	-71.6905993038	
142	0.0	-71.4585470397	
142	0.0	-72.5839654414	
142	0.0	-70.4283544249	
142	0.0	-69.9523665547	
142	0.0	-71.9596643279	
142	0.0	-69.8329201295	
142	0.0	-70.3872496397	
142	0.0	-70.0719276983	
142	0.0	-70.4615711613	
142	0.0	-70.906987489	
142	0.0	-70.484858404	
142	0.0	-70.5977467112	
142	0.0	-71.9515365502	
142	0.0	-72.5836078972	
142	0.0	-70.2671568705	
142	0.0	-69.8258924225	
142	0.0	-70.6699245049	
142	0.0	-71.6037127912	
142	0.0	-70.527068121	
142	0.0	-69.9362048011	
142	0.0	-72.1401865542	
142	0.0	-71.2234942437	
142	0.0	-71.0172365496	
142	0.0	-72.284573092	
142	0.0	-71.6697786021	
142	0.0	-72.6566966829	
142	0.0	-72.1248833663	
142	0.0	-69.317819522	
142	0.0	-72.4269813461	
142	0.0	-71.0430720839	
142	0.0	-71.3104555306	
142	0.0	-70.288963178	
142	0.0	-70.7978692313	
142	0.0	-71.8378884867	
142	0.0	-71.8727071204	
142	0.0	-71.7959729311	
142	0.0	-70.7079884796	
142	0.0	-71.4207212222	
142	0.0	-70.1012610795	
142	0.0	-71.4498784859	
142	0.0	-71.9471570949	
142	0.0	-69.679924059	
142	0.0	-70.8194644124	
142	0.0	-70.8375639221	
142	0.0	-69.6510616815	
142	0.0	-71.6395696877	
142	0.0	-70.1192521263	
142	0.0	-71.2342186481	
142	0.0	-70.7018006976	
142	0.0	-72.1079190274	
142	0.0	-71.7082694461	
142	0.0	-70.0225435305	
142	0.0	-70.9193379212	
142	0.0	-70.1117748965	
142	0.0	-69.3728326511	
142	0.0	-71.8058073296	
142	0.0	-70.5124180153	
142	0.0	-71.0333826348	
142	0.0	-70.3463844194	
142	0.0	-69.9840680761	
142	0.0	-71.7700539367	
142	0.0	-71.5451952437	
142	0.0	-70.614414233	
142	0.0	-72.102925552	
142	0.0	-71.9993854614	
142	0.0	-71.9080155883	
142	0.0	-71.4126244721	
142	0.0	-70.3619353949	
142	0.0	-71.318793981	
142	0.0	-70.9951303537	
142	0.0	-71.1345732048	
142	0.0	-70.4202053501	
142	0.0	-71.9743269335	
142	0.0	-72.4731270038	
142	0.0	-70.3190547792	
142	0.0	-70.1618387855	
142	0.0	-71.5454419895	
142	0.0	-70.403762316	
142	0.0	-71.4927180758	
142	0.0	-71.5744635484	
142	0.0	-70.6158996171	
142	0.0	-70.8611420718	
142	0.0	-71.744493915	
142	0.0	-69.8419177865	
142	0.0	-69.5273846413	
142	0.0	-71.5360802385	
142	0.0	-72.5559658619	
142	0.0	-70.350305381	
142	0.0	-72.4652252489	
142	0.0	-70.8923311899	
142	0.0	-70.6466782301	
142	0.0	-71.0572347401	
142	0.0	-69.9815481868	
142	0.0	-71.3750647084	
142	0.0	-72.0454338665	
142	0.0	-70.7294069379	
142	0.0	-70.4469796566	
142	0.0	-71.7752526507	
142	0.0	-70.5608565336	
142	0.0	-71.1494822266	
142	0.0	-70.2069814254	
142	0.0	-70.3318137535	
142	0.0	-71.256231105	
142	0.0	-72.547764677	
142	0.0	-69.9091564892	
142	0.0	-71.3849210537	
142	0.0	-69.8145097201	
142	0.0	-71.2836942465	
142	0.0	-71.7305941431	
142	0.0	-70.9313116408	
142	0.0	-71.3683744727	
142	0.0	-69.9347916449	
142	0.0	-71.7449702342	
142	0.0	-68.9824873577	
142	0.0	-72.8455375931	
142	0.0	-71.4118277393	
142	0.0	-70.704083342	
142	0.0	-71.254060878	
142	0.0	-70.3682157398	
142	0.0	-71.5214170967	
142	0.0	-69.5525510411	
142	0.0	-70.350429436	
142	0.0	-70.7298480039	
142	0.0	-69.932810043	
142	0.0	-70.5109101294	
142	0.0	-70.5762586343	
142	0.0	-71.2570749212	
142	0.0	-71.3883924132	
142	0.0	-71.7803391725	
142	0.0	-71.2727010841	
142	0.0	-71.7540322514	
142	0.0	-71.222966553	
142	0.0	-69.6422677555	
142	0.0	-70.1623611434	
142	0.0	-70.7466206705	
142	0.0	-70.6986756848	
142	0.0	-70.8680651561	
142	0.0	-70.9963084636	
142	0.0	-70.2960498741	
142	0.0	-70.1948911209	
142	0.0	-69.2241797792	
142	0.0	-70.3466095252	
142	0.0	-71.1496803988	
142	0.0	-70.4056046125	
142	0.0	-71.2238839281	
142	0.0	-71.0913780477	
142	0.0	-72.0643952173	
142	0.0	-71.3067307546	
142	0.0	-72.0456597348	
142	0.0	-71.8851201353	
142	0.0	-71.5447152138	
142	0.0	-70.7779600014	
142	0.0	-71.4821975193	
142	0.0	-70.725930307	
142	0.0	-70.2842060918	
142	0.0	-70.6143383942	
142	0.0	-72.1728977604	
142	0.0	-72.7426273274	
142	0.0	-71.7318288546	
142	0.0	-70.4551673361	
142	0.0	-69.9620593324	
142	0.0	-71.3962286375	
142	0.0	-72.1336224756	
142	0.0	-69.8926306648	
142	0.0	-70.9115171674	
142	0.0	-71.9304657975	
142	0.0	-71.0897936654	
142	0.0	-70.9388649907	
142	0.0	-70.4461005319	
142	0.0	-70.7377685598	
142	0.0	-70.0864359191	
142	0.0	-72.3408989384	
142	0.0	-70.4427192951	
142	0.0	-71.9279327821	
142	0.0	-71.3150461444	
142	0.0	-69.0730136783	
142	0.0	-70.0978359608	
142	0.0	-70.1594771418	
142	0.0	-71.2473520753	
142	0.0	-71.0862934085	
142	0.0	-71.4048936974	
142	0.0	-72.0922635635	
142	0.0	-70.6195966658	
142	0.0	-69.4032264609	
142	0.0	-70.1655881652	
142	0.0	-71.0631008374	
142	0.0	-71.7697641595	
142	0.0	-72.2172316425	
142	0.0	-71.7219554591	
142	0.0	-71.0606313705	
142	0.0	-70.3265598372	
142	0.0	-71.6640305486	
142	0.0	-72.9097860149	
142	0.0	-71.5874759684	
142	0.0	-72.4234060317	
142	0.0	-71.0275949849	
142	0.0	-71.9220643107	
142	0.0	-70.1812292998	
142	0.0	-70.5857126162	
142	0.0	-70.5168817341	
142	0.0	-71.3729904334	
142	0.0	-70.7114658326	
142	0.0	-69.3911263055	
142	0.0	-70.2897652615	
142	0.0	-70.5123228529	
142	0.0	-70.3276350499	
142	0.0	-70.7317892187	
142	0.0	-70.5800213228	
142	0.0	-69.0144839149	
142	0.0	-70.2932931729	
142	0.0	-71.9884183966	
142	0.0	-71.2662444298	
142	0.0	-70.3462088755	
142	0.0	-71.3730184653	
142	0.0	-70.5507522501	
142	0.0	-69.3186294796	
142	0.0	-70.5186422037	
142	0.0	-71.875162438	
142	0.0	-71.9333810029	
142	0.0	-70.2592560096	
142	0.0	-70.443286758	
142	0.0	-70.76718836	
142	0.0	-69.661911915	
142	0.0	-70.8960071865	
142	0.0	-71.2277855957	
142	0.0	-70.8416044744	
142	0.0	-70.857299511	
142	0.0	-70.0846961119	
142	0.0	-70.6641075911	
142	0.0	-70.4048624435	
142	0.0	-69.7944121835	
142	0.0	-71.1651659659	
142	0.0	-70.2201958907	
142	0.0	-71.6763915513	
142	0.0	-72.6487373407	
142	0.0	-71.0722904003	
142	0.0	-72.3411709414	
142	0.0	-70.4005848206	
142	0.0	-71.0967712938	
142	0.0	-69.370441057	
142	0.0	-71.5459099587	
142	0.0	-71.0020272423	
142	0.0	-69.4569322964	
142	0.0	-72.1199323979	
142	0.0	-71.5157280093	
142	0.0	-68.9666461371	
142	0.0	-71.4170508322	
142	0.0	-70.9826140125	
142	0.0	-72.2077336764	
142	0.0	-71.7788809051	
142	0.0	-70.1423996723	
142	0.0	-71.0527041946	
142	0.0	-72.0340645021	
142	0.0	-69.9220038745	
142	0.0	-70.9952830129	
142	0.0	-70.6325562113	
142	0.0	-70.125837783	
142	0.0	-70.7586000891	
142	0.0	-73.0110872258	
142	0.0	-70.5799621328	
142	0.0	-71.800700541	
142	0.0	-71.4608847873	
142	0.0	-71.1881293308	
142	0.0	-70.7652485959	
142	0.0	-71.3905074126	
142	0.0	-71.2501649997	
142	0.0	-71.3618495787	
142	0.0	-71.5628423701	
142	0.0	-72.7307143075	
142	0.0	-69.9266020729	
142	0.0	-69.9482126004	
142	0.0	-70.7223512662	
142	0.0	-70.7988640085	
142	0.0	-70.6612606117	
142	0.0	-72.3705425694	
142	0.0	-70.6487759022	
142	0.0	-72.4555006301	
142	0.0	-70.9980750943	
142	0.0	-70.1593984425	
142	0.0	-70.3524959962	
142	0.0	-70.0305634713	
142	0.0	-70.6208011752	
142	0.0	-72.7322179109	
142	0.0	-71.6615177837	
142	0.0	-71.1409314309	
142	0.0	-69.6025380884	
142	0.0	-70.6393315852	
142	0.0	-70.769014776	
142	0.0	-71.8930457594	
142	0.0	-71.0679996092	
142	0.0	-70.7834184155	
142	0.0	-70.6566018763	
142	0.0	-71.4257930881	
142	0.0	-70.5628599381	
142	0.0	-70.904602565	
142	0.0	-71.5366602695	
142	0.0	-69.9167192019	
142	0.0	-70.4974366374	
142	0.0	-71.2784023193	
142	0.0	-70.3954064391	
142	0.0	-70.6070106269	
142	0.0	-71.2516414604	
142	0.0	-70.8494186384	
142	0.0	-70.9116862186	
142	0.0	-71.5590983346	
142	0.0	-70.0599445437	
142	0.0	-71.9067180652	
142	0.0	-71.2640797233	
142	0.0	-72.5173763487	
142	0.0	-70.3347740613	
142	0.0	-71.2822607545	
142	0.0	-72.1466285289	
142	0.0	-70.6173079975	
142	0.0	-71.6012064954	
142	0.0	-70.1284600994	
142	0.0	-70.4455436667	
142	0.0	-70.9357827902	
142	0.0	-71.7377189595	
142	0.0	-70.7688607509	
142	0.0	-72.7991329937	
142	0.0	-70.40910897	
142	0.0	-71.7250105703	
142	0.0	-71.8329753066	
142	0.0	-70.4469784047	
142	0.0	-71.6651035319	
142	0.0	-69.6764525024	
142	0.0	-69.9082675388	
142	0.0	-71.1586060697	
142	0.0	-70.9632986733	
142	0.0	-70.3115664051	
142	0.0	-71.5888024437	
142	0.0	-70.8087002925	
142	0.0	-69.9249025159	
142	0.0	-70.5508607123	
142	0.0	-68.9288764262	
142	0.0	-70.405234028	
142	0.0	-70.8527714296	
142	0.0	-71.0816598462	
142	0.0	-70.9758790403	
142	0.0	-70.1033956201	
142	0.0	-71.005043848	
142	0.0	-70.9961784968	
142	0.0	-71.3548328393	
142	0.0	-70.9088224172	
142	0.0	-69.9423996923	
142	0.0	-70.8721654492	
142	0.0	-70.9314516469	
142	0.0	-71.7740765154	
142	0.0	-69.1714455202	
142	0.0	-71.8437882754	
142	0.0	-72.3162387734	
142	0.0	-71.4314074353	
142	0.0	-70.6571263021	
142	0.0	-71.2559148394	
142	0.0	-70.990675259	
142	0.0	-72.2935519939	
142	0.0	-69.5486885797	
142	0.0	-70.3807654865	
142	0.0	-71.4718749443	
142	0.0	-70.5261347838	
142	0.0	-70.4757469068	
142	0.0	-69.6816009943	
142	0.0	-71.8925883456	
142	0.0	-71.6248772909	
142	0.0	-70.0033689084	
142	0.0	-69.8745048729	
142	0.0	-70.3640502136	
142	0.0	-71.2538577375	
142	0.0	-71.1219066173	
142	0.0	-70.5395565458	
142	0.0	-71.779253883	
142	0.0	-71.0321149233	
142	0.0	-70.9184436994	
142	0.0	-70.1036549543	
142	0.0	-71.682019401	
142	0.0	-71.3003106911	
142	0.0	-71.4766024908	
142	0.0	-70.7602877988	
142	0.0	-71.0092807709	
142	0.0	-71.3060137905	
142	0.0	-70.4734025916	
142	0.0	-70.8055112956	
142	0.0	-72.6139322582	
142	0.0	-70.1928828912	
142	0.0	-70.7613292307	
142	0.0	-71.7899534637	
142	0.0	-70.529512004	
142	0.0	-69.57441466	
142	0.0	-70.0705458128	
142	0.0	-70.473725797	
142	0.0	-69.8367540852	
142	0.0	-71.5765918522	
142	0.0	-70.8291772394	
142	0.0	-71.5483476721	
142	0.0	-70.4665971563	
142	0.0	-69.8818097069	
142	0.0	-69.7110957862	
142	0.0	-71.8267968504	
142	0.0	-69.644004961	
142	0.0	-70.2109502244	
142	0.0	-71.5318115047	
142	0.0	-71.2159506312	
142	0.0	-70.6431984479	
142	0.0	-70.9076129478	
142	0.0	-71.3953638911	
142	0.0	-72.5398072053	
142	0.0	-72.7732826092	
142	0.0	-70.1820990365	
142	0.0	-69.3955068171	
142	0.0	-71.4431789074	
142	0.0	-71.9981266655	
142	0.0	-70.0447813172	
142	0.0	-71.3832073969	
142	0.0	-70.076945637	
142	0.0	-71.8812447908	
142	0.0	-72.0204261471	
142	0.0	-71.4380879504	
142	0.0	-70.9477887105	
142	0.0	-72.5941710541	
142	0.0	-70.5242252326	
142	0.0	-70.806223546	
142	0.0	-70.7515839334	
142	0.0	-70.5628036791	
142	0.0	-70.6723335594	
142	0.0	-70.9243469137	
142	0.0	-71.3079563044	
142	0.0	-71.1451942398	
142	0.0	-71.706614713	
142	0.0	-69.824508845	
142	0.0	-71.7941399942	
142	0.0	-70.6253072551	
142	0.0	-70.1770586857	
142	0.0	-71.3706751978	
142	0.0	-71.6457588461	
142	0.0	-70.9512671207	
142	0.0	-71.2941093953	
142	0.0	-72.8678694398	
142	0.0	-71.3887896521	
142	0.0	-71.4808065107	
142	0.0	-72.2729735927	
142	0.0	-71.0796689964	
142	0.0	-70.5806964246	
142	0.0	-71.389346762	
142	0.0	-71.7719699878	
142	0.0	-71.0285482871	
142	0.0	-71.4296142204	
142	0.0	-71.0059820693	
142	0.0	-71.8890102126	
142	0.0	-71.3689582978	
142	0.0	-71.2302681335	
142	0.0	-71.3006102407	
142	0.0	-70.8705659262	
142	0.0	-70.9777104909	
142	0.0	-70.0600412674	
142	0.0	-71.571160046	
142	0.0	-71.3836168828	
142	0.0	-73.1979693201	
142	0.0	-69.8528225956	
142	0.0	-71.0634111927	
142	0.0	-72.2658936339	
142	0.0	-69.8007360101	
142	0.0	-70.7011004275	
142	0.0	-70.2758962908	
142	0.0	-70.7165783395	
142	0.0	-72.0806225111	
142	0.0	-70.8302006036	
142	0.0	-70.3201203512	
142	0.0	-70.6143498578	
142	0.0	-70.9033839439	
142	0.0	-70.045756213	
142	0.0	-70.0438987	
142	0.0	-69.7243132137	
142	0.0	-70.632010581	
142	0.0	-71.4504518871	
142	0.0	-71.0533730034	
142	0.0	-71.5807389709	
142	0.0	-71.0140059476	
142	0.0	-71.3626267392	
142	0.0	-71.0987075037	
142	0.0	-70.7001165687	
142	0.0	-73.513615952	
142	0.0	-71.3979096165	
142	0.0	-69.8476582663	
142	0.0	-70.2171008972	
142	0.0	-71.119206785	
142	0.0	-70.580958145	
142	0.0	-71.7122349782	
142	0.0	-71.4355591101	
142	0.0	-71.422944255	
142	0.0	-71.0311538932	
142	0.0	-70.7979066181	
142	0.0	-70.6486327655	
142	0.0	-72.1422619392	
142	0.0	-72.792459628	
142	0.0	-71.3288043183	
142	0.0	-71.0301794878	
142	0.0	-71.1914655005	
142	0.0	-71.9850230777	
142	0.0	-71.0618352452	
142	0.0	-70.5760127276	
142	0.0	-71.8249091702	
142	0.0	-70.5578885391	
142	0.0	-72.3345416843	
142	0.0	-71.1113771721	
142	0.0	-71.4261856548	
142	0.0	-70.2043494342	
142	0.0	-70.8431257283	
142	0.0	-70.8221808593	
142	0.0	-70.6085118936	
142	0.0	-71.1120136828	
142	0.0	-72.3015105142	
142	0.0	-71.2225547579	
142	0.0	-71.2094345915	
142	0.0	-69.5955125186	
142	0.0	-70.8202020743	
142	0.0	-70.4545017261	
142	0.0	-72.8699099487	
142	0.0	-71.410517647	
142	0.0	-69.2835613131	
142	0.0	-71.5101376759	
142	0.0	-70.3173993076	
142	0.0	-70.9137349548	
142	0.0	-70.6914691795	
142	0.0	-70.7555579772	
142	0.0	-72.0682218487	
142	0.0	-70.2565218489	
142	0.0	-71.3826181067	
142	0.0	-69.9624971141	
142	0.0	-71.027007464	
142	0.0	-70.9761225376	
142	0.0	-71.7476405967	
142	0.0	-71.2575600206	
142	0.0	-71.0880395288	
142	0.0	-71.4732459338	
142	0.0	-71.5674276196	
142	0.0	-70.7547862299	
142	0.0	-72.4201275807	
142	0.0	-71.2162003837	
142	0.0	-70.6712766535	
142	0.0	-70.9860671614	
142	0.0	-71.0352853635	
142	0.0	-70.621909715	
142	0.0	-71.239318244	
142	0.0	-71.0108301063	
142	0.0	-72.0509509191	
142	0.0	-71.3013209911	
142	0.0	-71.0033649933	
142	0.0	-69.6029447908	
142	0.0	-71.2137977289	
142	0.0	-69.9728973654	
142	0.0	-72.4061527086	
142	0.0	-70.8285388305	
142	0.0	-70.6823904079	
142	0.0	-71.1114393609	
142	0.0	-70.5114897314	
142	0.0	-69.2992654899	
142	0.0	-69.8076162849	
142	0.0	-71.903353042	
142	0.0	-70.2838886363	
142	0.0	-70.5760877933	
142	0.0	-70.6436700629	
142	0.0	-71.1617351924	
142	0.0	-70.6104711962	
142	0.0	-70.1234815866	
142	0.0	-70.3843949438	
142	0.0	-71.8612378979	
142	0.0	-71.8939960958	
142	0.0	-71.2445712073	
142	0.0	-71.1535461224	
142	0.0	-71.501839199	
142	0.0	-70.4954948531	
142	0.0	-70.7361209635	
142	0.0	-71.8848532453	
142	0.0	-69.8734700411	
142	0.0	-70.3230282445	
142	0.0	-70.222863495	
142	0.0	-71.0041814109	
142	0.0	-71.3949147408	
142	0.0	-70.9046074063	
142	0.0	-69.3427989942	
142	0.0	-70.9102357483	
142	0.0	-71.3793963015	
142	0.0	-70.5123959841	
142	0.0	-71.2951129377	
142	0.0	-71.4964428056	
142	0.0	-70.1989742671	
142	0.0	-69.0876262246	
142	0.0	-70.4843130303	
142	0.0	-70.1644209862	
142	0.0	-69.1271751069	
142	0.0	-71.2221225729	
142	0.0	-70.9421112773	
142	0.0	-71.9540633075	
142	0.0	-69.6012941221	
142	0.0	-70.7426051469	
142	0.0	-71.7675731897	
142	0.0	-71.6904015232	
142	0.0	-70.9094154024	
142	0.0	-70.463308227	
142	0.0	-70.8482735895	
142	0.0	-70.5796195623	
142	0.0	-70.4202100435	
142	0.0	-70.7899307463	
142	0.0	-71.6630280658	
142	0.0	-70.0315101531	
142	0.0	-70.9071549879	
142	0.0	-71.6149857329	
142	0.0	-71.7020223492	
142	0.0	-70.9181875082	
142	0.0	-71.2763931592	
142	0.0	-69.7543929936	
142	0.0	-70.5065968817	
142	0.0	-70.6336203097	
142	0.0	-70.3296737615	
142	0.0	-68.9630474861	
142	0.0	-70.9395178524	
142	0.0	-71.8962336309	
142	0.0	-71.8863413478	
142	0.0	-69.4286527976	
142	0.0	-71.1793891832	
142	0.0	-71.1640347788	
142	0.0	-72.2661526911	
142	0.0	-70.1917108158	
142	0.0	-71.1590936874	
142	0.0	-70.2622304541	
142	0.0	-70.0794178103	
142	0.0	-70.6219553868	
142	0.0	-71.1297471467	
142	0.0	-70.7320558675	
142	0.0	-71.0156871845	
142	0.0	-71.1951859803	
142	0.0	-70.9979852735	
142	0.0	-72.2219757753	
142	0.0	-69.7873811156	
142	0.0	-71.3647601516	
142	0.0	-72.5605077344	
142	0.0	-72.2812585058	
142	0.0	-69.972092863	
142	0.0	-70.3701045835	
142	0.0	-71.0251297281	
142	0.0	-69.9152542881	
142	0.0	-70.5786725736	
142	0.0	-71.7933114258	
142	0.0	-71.4288365109	
142	0.0	-70.9316092266	
142	0.0	-71.2216084597	
142	0.0	-70.4909886909	
142	0.0	-71.422856658	
142	0.0	-70.7156162639	
142	0.0	-70.3966026374	
142	0.0	-71.4684595092	
142	0.0	-71.8474172778	
142	0.0	-71.7241925675	
142	0.0	-71.8360210438	
142	0.0	-71.2047604507	
142	0.0	-71.465151613	
142	0.0	-71.3653130121	
142	0.0	-68.278495946	
142	0.0	-70.3469801372	
142	0.0	-71.8739042375	
142	0.0	-72.3104862871	
142	0.0	-71.9398004765	
142	0.0	-71.2184926056	
142	0.0	-71.2884446238	
142	0.0	-70.5882522424	
142	0.0	-70.6603254659	
142	0.0	-71.0033751897	
142	0.0	-70.0173478433	
142	0.0	-70.9437118237	
142	0.0	-70.9517002643	
142	0.0	-72.642462511	
142	0.0	-70.2044624924	
142	0.0	-72.6499139642	
142	0.0	-70.6259442737	
142	0.0	-71.7519500418	
142	0.0	-69.8540933526	
142	0.0	-70.268222747	
142	0.0	-71.9950118307	
142	0.0	-70.6430171324	
142	0.0	-70.8071655513	
142	0.0	-72.1638891425	
142	0.0	-71.8892139957	
142	0.0	-72.7743470328	
142	0.0	-69.4913225007	
142	0.0	-71.0000464718	
142	0.0	-71.5257623571	
142	0.0	-68.7569735614	
142	0.0	-71.3616242055	
142	0.0	-70.7970647775	
142	0.0	-72.4707951528	
142	0.0	-71.0503419428	
142	0.0	-70.7219167895	
142	0.0	-70.7730806234	
142	0.0	-71.8016085251	
142	0.0	-70.2670470331	
142	0.0	-70.9554647873	
142	0.0	-71.5951357022	
142	0.0	-71.4128640379	
142	0.0	-71.3784083742	
142	0.0	-71.2721410756	
142	0.0	-69.769383738	
142	0.0	-70.8043708037	
142	0.0	-71.292399932	
142	0.0	-71.0282650599	
142	0.0	-70.142910784	
142	0.0	-70.6486576784	
142	0.0	-70.3440375491	
142	0.0	-72.0116641538	
142	0.0	-70.5471334425	
142	0.0	-70.8525815617	
142	0.0	-69.617177934	
142	0.0	-70.6758634015	
142	0.0	-70.8472118854	
142	0.0	-70.4352249463	
142	0.0	-70.0264502436	
142	0.0	-71.3006468305	
142	0.0	-71.7060145403	
142	0.0	-71.0081313901	
142	0.0	-71.626671659	
142	0.0	-70.6372650173	
142	0.0	-71.2883856148	
142	0.0	-70.2103736917	
142	0.0	-71.8452473649	
142	0.0	-70.7418654474	
142	0.0	-69.4711378978	
142	0.0	-70.956091748	
142	0.0	-71.7418407267	
142	0.0	-69.0425074589	
142	0.0	-72.0322153884	
142	0.0	-70.8101636623	
142	0.0	-69.9010847311	
142	0.0	-70.708568206	
142	0.0	-72.3986523682	
142	0.0	-70.7813668944	
142	0.0	-72.4520140528	
142	0.0	-71.480984675	
142	0.0	-70.8309496247	
142	0.0	-69.8591224135	
142	0.0	-72.4249860555	
142	0.0	-70.2994216771	
142	0.0	-70.2986823057	
142	0.0	-70.5784893048	
142	0.0	-71.5115937265	
142	0.0	-71.7170129777	
142	0.0	-72.2762141285	
142	0.0	-71.2611037564	
142	0.0	-71.3225859532	
142	0.0	-70.7176021578	
142	0.0	-70.4895395019	
142	0.0	-71.408415496	
142	0.0	-69.9417812578	
142	0.0	-71.1656167247	
142	0.0	-70.6025376965	
142	0.0	-70.7656161294	
142	0.0	-71.3330703803	
142	0.0	-71.0492988273	
142	0.0	-70.4447589691	
142	0.0	-70.6992144805	
142	0.0	-69.4564764716	
142	0.0	-71.0755327672	
142	0.0	-70.8290953179	
142	0.0	-70.7476466528	
142	0.0	-71.4499671002	
142	0.0	-72.7566623989	
142	0.0	-71.8566404711	
142	0.0	-70.9751220675	
142	0.0	-69.8036666005	
142	0.0	-70.781479707	
142	0.0	-70.6348813837	
142	0.0	-70.2442302919	
142	0.0	-70.1741590856	
142	0.0	-70.2882706842	
142	0.0	-71.0999112088	
142	0.0	-71.3598479196	
142	0.0	-72.0210314742	
142	0.0	-70.202636056	
142	0.0	-71.2411355526	
142	0.0	-71.4681279193	
142	0.0	-70.4641018126	
142	0.0	-71.0957219548	
142	0.0	-70.1714499975	
142	0.0	-71.3595054793	
142	0.0	-70.9588016144	
142	0.0	-72.2744664537	
142	0.0	-71.6517193866	
142	0.0	-71.2690931962	
142	0.0	-70.7795329782	
142	0.0	-71.4533824312	
142	0.0	-70.8135488068	
142	0.0	-70.3520884932	
142	0.0	-69.8521334861	
142	0.0	-70.483996014	
142	0.0	-73.1159096693	
142	0.0	-70.1495997444	
142	0.0	-70.8263157328	
142	0.0	-70.8577190935	
142	0.0	-70.1706683211	
142	0.0	-70.4302009619	
142	0.0	-71.5234692087	
142	0.0	-71.4277392354	
142	0.0	-71.3278962068	
142	0.0	-70.412449503	
142	0.0	-69.7300758273	
142	0.0	-71.0198886137	
142	0.0	-71.6942244738	
142	0.0	-69.4770187417	
142	0.0	-70.9011450125	
142	0.0	-69.9730659416	
142	0.0	-70.139737705	
142	0.0	-70.5582119735	
142	0.0	-70.8241602606	
142	0.0	-70.849048503	
142	0.0	-71.9557969349	
142	0.0	-70.0382923569	
142	0.0	-70.1626160018	
142	0.0	-72.3724253218	
142	0.0	-71.4577010675	
142	0.0	-71.2138950788	
142	0.0	-73.1239778277	
142	0.0	-70.15904613	
142	0.0	-71.7342795081	
142	0.0	-71.959659756	
142	0.0	-71.4799229258	
142	0.0	-72.0826735217	
142	0.0	-69.2356268304	
142	0.0	-71.870959427	
142	0.0	-72.1501952548	
142	0.0	-69.7770908737	
142	0.0	-69.8810745591	
142	0.0	-70.5504477744	
142	0.0	-71.9109180863	
142	0.0	-71.0011763495	
142	0.0	-72.1316515249	
